49,1,7,1,1,3,15,6,0,0,0,1,0,1,1,0,1,0,0,0,0,0,1,1,1,0,0,1,1,1,0,1,1,0,0,157,89,76,21,0,0,0,0,0,0,0,1,1,1,0,0,1,1,0,0,0,0,0,0,0,0
62,0,7,6,3,2,13,6,1,0,0,1,0,1,6,1,1,0,0,0,0,0,1,0,0,0,1,0,1,0,0,0,0,1,1,155,84,83,18,1,0,0,0,0,1,0,0,1,1,0,0,0,0,0,0,0,0,0,0,0,0
70,1,4,2,4,2,16,6,1,1,0,1,0,1,5,0,0,1,0,0,0,0,1,1,0,0,0,0,1,1,0,0,0,0,0,120,97,67,10,0,0,0,0,0,1,0,0,0,1,0,0,0,0,0,0,0,0,0,0,0,0
56,1,7,7,1,1,12,2,0,1,0,0,0,1,1,0,0,0,0,0,0,0,0,1,0,0,0,0,1,0,0,0,1,0,0,138,73,82,13,0,0,0,1,0,0,0,0,0,0,0,0,0,0,0,0,0,0,0,0,0,0
66,1,8,3,2,3,6,6,1,0,1,1,0,1,5,0,0,0,0,0,0,1,0,0,0,0,0,1,0,1,0,0,0,0,0,167,94,82,10,0,0,0,0,1,1,0,0,1,1,0,1,0,0,0,0,0,0,0,0,0,0
52,1,1,7,5,1,11,5,1,1,0,1,1,1,1,0,1,0,0,0,0,0,0,0,1,1,0,0,0,0,0,0,0,1,0,115,73,78,11,0,0,0,0,0,1,1,1,0,0,0,0,0,0,0,0,0,0,0,0,0,0
58,1,8,1,2,3,5,6,1,0,0,1,0,1,1,1,0,0,0,0,0,0,0,0,1,1,0,0,1,0,0,0,0,1,0,155,91,79,16,0,1,0,0,0,0,0,0,0,1,0,1,0,0,0,0,0,0,0,0,0,0
55,0,4,4,6,3,9,2,0,0,0,0,0,1,5,1,1,0,1,0,0,0,0,0,0,1,1,0,1,0,0,0,0,0,0,136,70,69,15,0,0,0,0,0,0,0,0,1,0,0,0,0,0,0,0,0,0,0,1,0,0
68,1,6,6,3,2,17,5,1,0,1,1,1,0,5,0,1,0,0,0,0,0,0,0,0,0,0,0,1,0,0,0,0,0,0,110,99,56,13,1,1,0,0,0,0,0,0,1,0,0,0,0,1,0,0,0,0,0,0,0,0
64,0,6,8,3,3,15,5,1,0,0,0,1,1,1,0,1,0,0,1,1,0,0,0,1,0,0,0,0,0,0,0,0,0,0,165,92,60,14,0,0,0,0,0,1,0,1,0,0,0,0,0,0,0,0,0,1,0,0,0,0
59,0,7,3,3,2,19,6,1,1,1,1,0,1,5,1,1,0,0,1,0,0,0,0,1,0,1,0,0,1,0,0,0,1,0,133,85,65,15,1,0,0,0,1,0,0,0,0,0,0,0,0,0,0,0,0,0,0,1,0,0
51,1,8,7,3,3,8,5,1,0,0,1,0,0,2,0,0,0,1,0,1,0,0,0,1,0,0,0,1,1,0,0,0,1,0,141,97,72,21,0,0,0,1,0,0,0,1,0,0,0,0,0,1,0,0,0,0,1,1,0,0
56,0,6,1,4,3,10,1,1,0,1,1,0,1,4,1,1,0,0,0,0,0,0,0,1,0,0,0,1,0,0,0,0,1,0,124,78,66,11,1,1,0,0,0,0,0,0,0,0,0,1,1,0,0,0,0,1,0,0,0,0
44,1,7,6,1,2,10,6,0,1,0,0,0,1,5,1,1,0,0,0,0,0,0,0,1,0,0,0,1,0,0,0,0,1,0,129,85,83,20,0,0,0,1,0,1,0,0,1,1,1,0,0,0,0,0,0,0,0,1,0,0
63,1,7,7,2,2,9,2,0,0,0,0,0,1,4,1,0,1,0,1,0,0,0,0,0,0,1,0,1,0,1,0,0,0,0,170,80,62,19,0,0,1,0,0,1,0,0,1,0,0,0,0,1,0,0,0,0,0,0,0,0
73,1,7,5,7,2,16,5,0,1,0,0,0,1,5,0,1,0,0,1,0,0,0,0,0,0,0,0,0,0,1,0,0,0,0,110,73,83,10,0,0,0,0,0,0,0,0,0,1,0,0,0,0,0,0,0,0,0,0,0,0
52,0,6,3,7,2,11,3,1,1,0,0,1,1,4,1,1,0,0,0,0,0,1,0,0,0,0,1,1,0,0,0,0,0,0,136,80,58,18,1,0,0,0,0,0,0,0,0,0,0,0,0,0,0,0,0,0,0,0,0,0
68,0,4,7,5,3,11,5,1,0,0,1,0,1,3,0,1,1,0,0,0,1,0,0,0,0,1,1,0,0,0,0,0,0,0,159,92,66,10,0,0,0,1,0,1,0,0,0,1,0,0,0,0,1,0,0,0,0,0,0,0
54,0,8,5,6,2,7,5,0,1,0,0,0,1,4,1,1,0,0,1,0,0,1,0,1,1,0,0,1,1,1,0,0,1,1,166,77,71,18,0,0,0,0,0,0,1,0,1,1,0,0,0,0,0,0,0,0,0,1,0,0
63,0,6,7,4,2,8,6,1,1,0,1,0,1,1,0,1,0,0,0,0,0,1,0,1,0,1,1,1,0,0,0,0,0,0,139,87,82,14,1,0,0,0,0,0,0,0,1,1,0,1,0,0,0,0,0,0,0,0,0,0
37,0,8,3,6,1,14,5,1,1,1,1,1,1,4,1,1,0,0,0,0,0,1,0,1,0,1,0,0,1,0,0,0,0,0,144,68,72,14,0,0,0,0,0,0,1,0,0,0,0,0,0,0,0,1,0,0,0,0,0,0
58,1,8,5,8,2,20,5,1,0,0,0,0,1,5,1,0,0,0,0,0,0,0,0,1,0,0,0,1,1,0,0,0,0,0,170,85,63,14,0,1,0,1,0,1,0,0,0,0,0,0,0,0,0,0,0,0,0,0,0,0
57,1,6,6,2,2,7,1,1,0,0,0,0,1,5,0,1,0,0,0,0,0,1,1,1,1,0,0,0,1,1,0,1,0,0,138,96,80,16,0,0,0,0,0,1,0,0,0,1,0,0,0,0,0,0,0,0,0,0,0,0
70,1,4,7,1,3,5,6,1,1,0,1,0,1,6,0,0,0,0,0,0,0,0,0,0,0,1,0,1,0,0,0,0,0,0,133,74,64,13,1,0,0,0,0,0,0,1,0,1,0,0,0,0,0,0,0,0,0,1,0,0
52,0,1,8,5,3,20,6,1,1,0,0,0,1,5,0,1,0,0,0,0,0,0,1,0,0,0,0,1,1,0,0,0,1,1,150,72,72,13,0,1,0,0,0,1,0,0,1,1,0,0,0,0,0,0,0,0,0,0,0,0
68,0,8,4,5,1,18,5,1,1,0,1,0,0,6,0,1,0,0,0,0,0,0,0,0,0,0,0,0,1,1,0,0,0,0,173,81,69,16,1,0,0,1,0,1,1,0,0,1,0,0,0,0,0,0,0,0,1,0,0,0
61,1,4,7,2,1,11,6,0,1,1,0,0,0,1,0,1,1,1,1,0,0,1,0,1,0,0,1,1,1,0,0,0,1,0,106,86,79,21,0,1,0,1,0,1,0,0,1,0,0,0,0,0,0,0,0,0,0,0,0,0
39,0,4,5,1,1,15,1,0,1,1,0,0,1,5,1,1,0,0,1,0,0,0,0,1,0,0,0,0,1,0,0,0,0,0,109,88,84,14,0,1,0,0,0,0,1,0,0,1,0,0,0,1,0,0,0,0,1,0,0,0
66,0,8,3,3,2,11,3,1,0,0,1,1,1,5,1,1,0,0,0,0,0,1,0,0,0,1,0,0,0,0,1,0,0,0,110,100,77,17,1,0,0,0,0,1,1,0,0,0,0,0,0,0,0,0,1,0,0,0,0,0
59,1,7,2,7,1,19,2,0,0,0,0,1,1,2,1,1,0,0,0,0,0,0,0,0,0,0,0,0,0,0,0,0,0,1,129,99,76,21,0,0,0,0,0,0,0,0,1,0,0,0,0,0,0,1,1,0,0,0,0,0
60,0,8,2,4,2,19,5,1,1,0,1,0,1,3,0,1,0,0,0,0,0,0,1,1,0,0,0,1,0,0,0,0,1,0,161,78,74,13,0,0,0,0,0,0,0,0,1,1,0,0,0,0,0,0,0,1,0,0,0,0
50,0,8,6,3,1,5,3,1,1,0,0,0,1,3,1,1,0,0,0,0,1,1,1,0,0,1,0,1,0,0,0,0,0,0,138,88,74,17,0,0,1,0,0,0,0,0,1,0,0,0,1,0,0,0,0,0,0,0,0,0
67,0,8,5,4,1,5,6,1,1,0,0,0,0,5,1,0,0,0,0,0,1,0,0,1,0,1,1,1,1,0,0,0,0,0,167,90,64,16,0,0,1,0,0,0,0,0,1,1,0,0,0,1,0,0,0,0,0,1,0,0
50,0,5,2,8,3,15,5,1,1,1,0,0,1,5,0,1,0,0,0,0,0,1,0,1,0,0,0,0,1,0,0,0,0,0,128,89,76,12,0,0,1,0,0,0,0,1,1,0,0,0,0,0,0,0,0,0,0,0,0,0
42,0,6,4,2,2,6,5,1,0,1,0,0,1,6,1,1,1,0,0,0,1,0,1,0,0,0,0,0,1,0,1,0,1,0,163,69,73,19,0,1,0,0,0,0,1,0,1,0,0,1,0,0,0,0,0,0,0,0,0,0
72,1,6,8,5,1,7,3,0,1,0,0,0,1,3,0,0,0,0,0,0,0,0,0,1,0,0,1,1,0,0,0,1,0,0,171,92,66,20,0,0,0,0,0,1,0,0,1,0,0,0,0,0,0,0,0,1,0,0,0,0
57,1,7,7,3,1,13,4,1,1,1,1,0,1,3,1,1,1,0,0,0,0,0,0,0,0,0,0,0,1,0,0,0,1,1,169,93,75,21,0,0,1,0,0,1,0,0,0,1,0,0,0,1,0,0,0,1,0,0,0,0
50,1,1,8,1,2,16,4,1,1,0,1,0,1,3,0,1,0,1,0,1,0,0,0,1,0,0,0,0,1,0,0,0,0,0,127,84,65,17,0,0,0,0,0,0,0,0,1,1,0,0,0,0,0,0,0,0,0,0,0,0
46,1,8,2,8,1,13,4,1,1,1,1,1,1,5,1,1,0,0,0,0,0,1,0,1,0,1,0,1,0,1,0,0,0,1,169,82,60,20,0,1,0,1,0,0,0,0,0,0,0,0,0,0,0,0,0,0,0,0,0,0
54,1,5,6,8,2,14,6,1,1,0,0,0,1,5,1,1,0,0,0,0,0,0,0,0,0,0,0,0,0,0,0,0,0,0,113,74,67,10,0,0,0,1,0,0,0,1,0,0,0,0,0,0,1,0,0,0,1,0,0,0
71,0,1,8,7,2,12,4,1,1,1,1,0,1,6,1,0,1,0,1,0,0,1,0,0,0,0,0,0,1,0,0,0,0,0,142,86,66,10,0,0,0,0,1,0,0,0,0,0,0,0,0,0,0,0,0,0,0,0,0,0
45,0,4,2,4,1,10,3,0,1,0,1,0,1,5,1,0,0,0,0,0,0,1,0,0,1,1,1,1,1,0,0,0,0,0,174,78,66,18,0,0,0,0,0,0,0,0,1,1,0,1,0,0,0,0,0,0,0,0,0,0
53,1,6,3,2,3,13,3,1,1,0,0,0,1,6,0,0,0,0,0,0,0,1,0,1,0,0,1,0,0,0,0,0,1,0,170,89,64,10,1,0,1,0,0,1,1,1,0,0,0,0,0,1,0,0,0,0,0,0,0,0
54,0,8,3,1,2,9,3,1,1,1,0,0,1,5,0,1,1,0,0,1,0,1,1,0,0,0,0,0,0,1,0,0,0,0,143,94,62,12,0,0,1,1,0,1,0,1,1,0,0,0,0,0,0,0,0,0,0,0,0,0
67,1,6,7,8,2,7,1,0,0,0,0,0,0,5,0,1,0,0,0,0,0,0,0,0,1,0,0,1,0,0,0,0,0,0,141,73,60,11,1,1,0,1,1,0,0,0,1,1,1,1,0,0,0,0,0,0,0,0,0,0
38,1,5,5,2,2,9,5,0,1,1,1,1,1,5,1,1,0,0,0,0,0,0,0,1,0,1,0,0,0,0,0,0,1,0,165,98,83,11,1,0,0,0,0,1,0,0,1,0,0,0,0,0,0,1,0,0,0,0,0,0
47,0,5,7,7,1,8,6,0,0,0,1,0,1,6,0,1,0,0,1,0,0,1,0,0,0,0,0,1,0,0,0,0,1,0,171,82,78,11,0,0,1,0,0,0,0,0,0,1,0,0,0,0,0,0,0,0,0,0,0,0
59,1,6,7,7,3,19,2,0,0,1,0,0,1,3,1,0,0,0,0,0,0,1,0,1,0,0,0,1,1,0,0,0,0,0,145,84,64,21,0,0,1,0,1,1,0,0,1,1,0,0,0,0,0,0,0,0,0,0,0,0
44,1,6,4,3,3,10,1,1,1,1,0,1,0,4,0,1,1,0,0,0,0,0,0,0,1,1,0,1,1,0,0,0,0,0,126,90,69,19,0,1,1,0,0,0,0,0,0,0,0,0,0,0,0,0,0,0,1,1,0,0
70,0,7,6,2,1,15,5,0,1,0,1,0,1,2,0,1,0,0,0,0,0,1,1,0,0,0,0,1,0,1,0,1,0,0,153,87,67,15,0,0,0,0,0,1,0,0,0,0,0,1,0,0,0,1,0,0,0,0,0,0
68,1,8,8,3,2,15,5,0,1,0,0,0,1,5,0,0,1,0,0,0,0,0,0,0,0,0,0,0,1,0,0,0,1,0,146,76,84,18,0,1,0,1,0,1,0,0,0,1,0,1,0,1,0,0,0,0,0,0,0,0
65,1,4,5,2,2,17,1,1,1,0,1,0,1,3,1,1,1,0,0,0,0,0,1,1,0,1,0,0,0,0,0,0,0,0,119,76,76,16,0,0,0,0,0,1,1,0,0,0,0,0,0,1,0,0,0,0,0,0,0,0
64,0,1,6,1,2,14,3,1,1,1,0,0,0,5,0,1,1,0,0,0,0,1,0,0,0,0,0,1,0,0,1,1,0,0,108,77,68,14,0,0,0,0,0,0,0,0,0,0,0,0,0,1,0,0,0,0,0,0,0,0
63,1,6,6,2,2,14,1,0,1,0,1,0,1,4,0,0,1,0,0,1,1,1,0,1,0,0,0,1,0,1,0,0,1,0,147,98,57,10,1,0,0,0,0,0,0,0,0,1,0,0,0,0,0,0,0,0,1,0,0,0
56,1,6,5,1,1,14,3,1,1,0,1,0,1,1,1,1,0,0,0,1,0,0,0,1,1,0,0,1,1,1,1,0,0,0,136,89,66,15,1,0,1,0,0,0,1,0,0,0,0,0,0,0,0,0,0,0,0,0,0,0
61,1,8,7,5,1,14,6,1,1,0,0,1,1,4,0,1,1,0,0,0,0,1,1,0,0,0,0,0,0,0,0,0,0,0,107,94,69,16,0,0,0,0,0,0,0,0,1,0,0,0,0,0,0,0,0,0,0,0,0,0
48,0,8,2,1,2,18,3,0,1,0,0,0,1,5,1,0,1,0,0,0,0,1,0,1,0,1,0,1,1,1,0,0,1,0,114,72,61,13,0,0,1,0,0,0,0,1,0,0,0,0,0,0,0,0,0,0,0,1,0,0
73,0,4,3,4,1,6,3,1,1,0,0,0,1,5,0,1,0,0,0,0,0,0,0,1,0,1,0,0,0,0,0,0,0,0,130,92,72,14,0,0,0,0,1,1,0,0,0,1,1,0,0,1,0,0,0,0,0,0,0,0
74,1,6,8,5,1,14,6,0,1,1,1,0,1,4,0,1,0,0,0,0,0,0,1,0,0,0,0,0,0,0,1,0,0,0,130,97,63,10,1,0,0,0,0,1,0,0,1,0,0,1,0,1,0,0,0,0,0,0,0,0
52,1,8,2,2,2,6,2,0,1,0,0,1,1,1,0,1,0,0,0,0,1,0,0,1,1,1,0,0,0,1,0,0,0,0,105,79,73,12,0,0,0,0,0,0,1,0,0,0,0,1,0,0,0,0,0,0,0,0,0,0
44,0,6,6,2,3,6,5,1,1,0,1,0,1,2,0,1,0,0,0,0,0,0,0,1,0,1,0,0,1,0,0,0,0,0,127,81,82,16,1,0,0,1,0,1,0,0,0,0,0,1,0,0,0,0,0,0,0,0,0,0
62,1,4,7,2,1,5,3,0,0,1,0,0,1,5,0,1,0,0,1,0,0,0,0,0,1,1,0,0,0,0,0,0,1,0,119,97,77,21,0,0,0,0,0,1,0,1,0,1,0,0,0,0,0,0,0,0,0,0,0,0
74,1,8,6,3,3,18,4,1,0,0,0,1,0,5,0,0,1,0,0,0,0,0,0,0,0,1,0,0,1,0,0,1,0,0,138,82,69,15,0,0,0,0,0,0,0,0,0,0,0,0,0,0,0,0,0,0,0,1,0,0
59,0,8,1,3,1,10,3,0,1,0,1,0,0,5,1,1,1,0,1,0,0,1,0,1,0,0,0,0,0,0,0,0,1,1,134,76,68,15,0,0,0,0,0,0,0,0,0,0,0,0,0,0,0,1,0,0,0,1,0,0
46,0,7,2,4,2,14,5,0,1,0,0,1,1,4,1,0,0,0,0,0,0,0,1,0,0,0,0,1,0,0,0,0,0,0,155,87,56,10,1,1,0,0,0,0,0,0,0,0,0,1,0,0,0,0,0,1,0,0,0,0
62,1,6,8,5,2,6,4,1,1,0,0,1,1,2,0,0,0,0,0,0,0,1,0,1,0,0,1,0,0,0,0,0,1,0,135,91,56,20,0,0,1,0,0,1,0,0,0,0,0,0,0,1,0,0,0,0,0,0,0,0
62,0,6,4,8,1,17,2,1,0,0,0,0,0,5,1,1,1,0,0,0,0,0,0,0,0,0,0,0,0,1,0,0,1,0,148,95,62,20,0,0,0,0,0,0,0,0,0,0,0,0,0,0,0,0,0,0,0,0,0,0
54,0,1,5,5,2,9,3,1,0,1,1,0,1,4,0,1,0,0,0,0,0,1,1,0,0,0,0,0,0,0,0,0,1,0,151,87,68,17,0,0,0,0,0,0,0,1,1,1,0,0,0,0,0,0,0,0,0,0,0,0
69,0,5,4,7,2,11,5,0,1,1,1,0,1,1,1,0,0,0,0,1,0,1,0,0,0,0,0,1,1,0,0,0,1,0,124,75,65,14,0,0,0,0,1,1,0,0,0,0,0,0,1,0,0,0,0,0,0,0,0,0
46,0,1,3,5,2,11,6,1,0,0,1,0,1,2,1,1,0,0,1,0,0,1,0,1,1,0,0,1,0,0,0,0,0,0,122,82,61,20,0,0,0,0,0,1,0,0,0,0,0,0,0,1,0,0,0,0,0,0,0,0
66,1,1,5,3,2,9,4,1,0,0,1,0,1,6,1,1,0,0,0,0,0,0,0,0,0,0,0,0,0,0,0,0,0,0,158,72,68,11,1,0,0,1,0,0,0,0,0,0,0,0,0,1,0,0,0,0,0,0,0,0
64,1,6,8,5,1,7,5,1,1,1,1,0,1,5,0,1,0,0,0,0,0,0,0,0,0,0,0,0,1,0,0,0,1,0,168,76,62,12,0,0,0,0,1,0,0,0,1,1,0,0,0,0,0,0,0,0,0,0,0,0
46,1,7,4,1,1,5,3,1,0,0,0,0,1,4,0,1,0,0,0,0,0,1,0,0,0,0,0,1,0,0,0,0,0,0,136,91,57,21,1,0,0,0,0,0,0,0,0,1,0,0,1,0,0,0,0,0,0,0,0,0
51,0,6,4,4,2,7,6,0,0,1,1,1,1,1,1,0,0,1,1,1,0,0,0,1,0,0,0,1,0,1,0,1,1,0,129,83,79,13,0,0,1,0,0,0,0,0,0,0,0,0,0,1,0,0,0,0,0,1,0,0
59,1,6,8,4,3,18,4,0,0,1,1,0,1,3,1,1,0,0,0,0,0,1,0,0,0,0,0,1,0,0,0,0,0,0,132,91,84,10,0,1,0,0,0,0,0,0,0,1,0,0,0,0,0,0,0,0,0,0,0,0
57,0,4,5,4,2,13,5,1,1,1,0,1,0,4,1,1,0,0,0,0,0,1,0,0,0,1,0,1,0,0,0,0,0,0,167,95,64,13,0,0,0,0,0,0,0,0,0,1,0,0,0,0,0,0,0,0,0,0,0,0
61,1,1,2,2,2,8,5,1,1,0,0,0,0,2,0,1,0,0,0,0,0,0,0,1,0,0,0,0,1,0,0,0,1,0,163,73,71,16,0,0,1,0,0,0,0,0,0,0,0,0,0,1,0,0,0,0,0,1,0,0
58,0,4,2,3,2,9,6,1,1,1,1,0,1,4,0,1,0,0,0,0,0,0,0,0,0,0,0,0,0,0,0,0,0,1,127,79,62,18,0,1,1,0,0,0,0,0,1,0,0,0,0,0,0,1,0,0,0,1,0,0
59,0,6,2,6,2,19,2,1,1,1,1,0,1,5,1,1,0,0,1,0,0,0,0,0,1,1,0,0,0,0,0,0,0,0,134,74,70,11,1,0,0,0,1,0,0,0,0,1,0,1,0,0,0,0,0,1,0,0,0,0
69,0,8,2,6,1,19,5,1,1,0,1,0,0,5,0,1,0,0,0,0,0,0,0,0,0,0,0,1,0,1,0,0,0,0,107,81,81,19,0,0,0,0,0,1,0,0,1,1,0,0,0,0,0,0,0,0,1,1,0,0
68,1,6,6,6,1,15,5,1,0,0,0,0,0,3,0,1,0,0,1,0,0,0,1,1,0,0,0,1,1,1,0,0,1,0,156,86,76,21,0,0,1,0,0,0,0,0,0,1,0,1,1,1,1,0,0,0,1,0,0,0
39,0,4,7,8,2,5,3,1,1,0,1,1,1,3,1,1,0,0,1,0,0,0,1,0,0,0,0,1,0,0,0,0,0,0,164,98,76,15,0,0,1,0,0,0,0,0,1,0,0,1,0,0,0,0,0,0,1,0,0,0
47,1,4,5,6,1,13,4,0,1,0,1,0,1,6,0,0,1,0,0,0,0,0,0,1,1,0,1,0,0,0,0,0,0,1,164,75,79,14,0,0,0,0,0,0,0,0,1,0,0,1,0,0,0,0,0,0,0,0,0,0
70,0,5,1,1,2,20,5,1,1,0,1,0,1,4,0,1,1,0,0,0,1,0,1,0,0,0,0,1,1,1,0,0,1,0,161,82,73,10,0,1,0,0,0,0,0,1,0,0,0,0,0,0,0,0,0,0,0,0,0,0
68,1,1,6,7,2,12,3,1,1,0,1,1,1,6,1,0,0,0,0,0,0,1,0,0,0,0,0,0,0,0,0,0,0,0,124,85,61,12,1,0,0,0,0,0,1,0,0,0,0,1,0,1,0,0,0,0,0,0,0,0
70,1,6,5,3,1,20,2,1,1,1,1,0,1,6,0,1,0,0,1,0,0,0,0,0,0,0,0,1,0,1,0,0,0,0,111,91,80,18,0,0,0,0,0,1,1,0,0,1,0,0,0,0,0,0,0,0,0,0,0,0
48,1,6,1,2,2,5,3,1,1,0,0,0,0,1,1,1,0,0,1,0,0,1,1,1,0,0,0,1,0,0,0,0,0,0,148,80,62,17,1,0,0,0,0,0,0,1,0,0,0,0,0,1,0,0,0,0,0,0,0,0
61,0,5,8,7,2,15,6,0,1,0,0,0,1,1,1,0,0,0,0,0,0,0,0,0,0,0,0,1,0,0,0,0,1,0,113,97,57,12,0,1,0,0,0,0,0,0,0,0,0,0,0,0,0,0,0,1,0,1,0,0
47,0,8,3,1,1,7,5,1,0,1,0,0,0,3,0,1,1,0,0,1,0,1,0,1,0,0,0,1,0,0,0,0,1,1,125,93,72,15,0,1,0,0,0,1,1,0,1,1,0,0,0,0,0,0,0,1,0,0,0,0
65,0,7,3,2,2,6,3,1,1,0,0,1,0,6,1,1,0,0,0,0,0,1,0,1,0,1,1,0,0,0,0,0,0,0,174,72,79,18,1,0,0,0,0,1,1,0,0,0,0,0,0,1,0,0,0,0,0,0,0,0
55,1,7,7,2,2,9,5,1,1,0,0,1,1,5,1,1,1,0,0,0,0,1,0,0,0,1,1,0,0,0,0,0,1,0,140,92,68,12,0,0,1,0,0,0,0,0,0,0,0,1,0,1,0,0,0,0,0,0,0,0
52,0,5,1,2,3,13,5,0,0,0,1,0,1,5,0,1,1,0,0,0,0,0,1,1,0,0,0,1,0,0,0,0,1,1,129,89,71,16,0,0,0,0,0,0,0,0,0,1,0,1,0,0,0,0,0,0,0,0,0,0
55,0,8,6,6,1,19,5,0,1,0,0,0,1,5,0,0,0,0,0,0,0,1,0,0,0,1,0,0,0,0,0,0,0,0,141,96,84,15,0,0,0,0,1,1,0,1,0,1,0,0,0,0,0,0,0,0,0,1,0,0
58,0,6,7,2,2,17,5,1,0,1,0,1,0,6,0,1,0,0,0,0,0,1,0,1,0,0,1,1,1,0,0,0,1,0,109,100,78,19,0,0,0,0,0,0,0,0,1,0,0,1,0,1,0,0,0,0,0,0,0,0
71,1,6,7,8,2,20,4,1,1,0,0,0,1,1,0,1,0,0,0,0,0,0,0,1,0,0,0,0,1,1,0,0,0,0,131,74,57,14,0,0,0,0,1,1,0,0,1,0,0,0,0,0,0,0,0,1,0,0,0,0
70,0,8,6,7,1,7,3,1,1,1,0,0,1,5,1,1,0,0,0,0,0,1,0,0,0,1,1,1,1,0,0,0,0,0,111,93,62,20,0,0,1,0,0,0,0,0,0,1,0,0,0,0,0,0,0,0,0,0,0,0
36,0,7,6,2,1,19,6,0,0,0,1,0,1,4,0,1,0,1,0,0,1,0,1,0,0,1,0,1,0,0,0,0,0,0,172,81,79,19,1,0,0,0,0,0,0,0,1,0,0,0,0,1,1,0,0,0,0,0,0,0
45,1,6,6,6,1,15,1,0,0,0,1,0,1,1,1,1,1,1,0,0,0,0,1,1,0,0,0,0,0,0,0,0,0,0,158,72,73,10,0,0,0,0,0,0,0,0,1,0,0,0,1,0,0,0,0,1,1,0,0,0
62,1,7,8,6,1,20,4,1,1,0,0,0,1,3,0,0,0,0,0,0,0,0,0,1,1,0,0,0,0,0,0,1,0,0,158,99,63,13,0,1,0,0,0,0,0,0,1,1,0,0,0,0,0,0,0,0,0,0,0,0
67,1,8,2,4,2,18,4,1,1,0,0,0,1,1,1,1,0,1,0,0,0,1,0,0,1,0,0,0,0,0,0,0,1,1,120,78,78,21,0,0,0,0,0,0,0,0,1,1,0,0,0,0,0,0,0,0,1,0,0,0
67,0,6,2,8,2,11,5,0,1,0,0,0,1,4,0,1,0,0,0,1,0,0,0,1,0,0,0,0,0,1,0,0,1,0,153,87,60,19,1,0,0,0,0,0,0,1,0,0,0,0,0,0,0,0,0,0,0,0,0,0
62,0,8,6,2,2,13,6,1,1,1,0,1,1,4,1,0,1,0,0,0,0,0,1,1,0,1,0,0,0,0,0,0,0,1,162,76,73,12,0,1,1,0,0,1,0,0,0,1,0,1,0,0,0,0,0,0,1,0,0,0
64,1,6,6,8,1,5,5,1,0,1,0,0,1,3,0,1,0,0,0,0,0,1,0,1,0,1,0,0,0,0,0,0,0,0,124,80,68,21,0,0,1,0,0,0,0,0,0,0,0,0,0,0,0,0,0,0,0,0,0,0
62,0,4,6,7,1,9,5,0,0,0,1,0,1,6,1,1,0,0,0,0,0,0,1,1,0,0,0,1,1,0,0,0,0,1,170,85,62,19,1,0,0,0,1,0,0,0,1,0,0,0,0,1,1,0,0,0,0,0,0,0
39,0,8,7,4,1,7,5,1,1,0,0,1,1,3,1,1,0,0,1,0,0,0,0,1,0,0,1,1,1,0,0,0,1,0,156,75,62,11,0,0,0,0,0,0,0,0,0,1,0,1,0,0,0,0,0,0,0,1,0,0
54,0,8,7,8,1,14,4,1,1,1,0,0,1,5,0,1,0,1,0,0,0,1,0,0,0,1,0,1,1,0,0,0,1,0,159,79,71,14,0,1,0,0,0,0,0,0,1,1,0,0,0,0,0,0,0,0,1,1,0,0
45,1,1,7,8,2,5,6,1,0,1,1,0,1,6,0,1,0,0,0,1,0,0,0,1,0,0,1,1,0,0,0,0,1,0,157,90,77,10,0,0,0,0,0,0,0,0,0,1,1,0,0,1,0,1,0,0,0,0,0,0
44,0,7,6,4,2,18,3,1,1,0,0,0,1,1,0,1,0,0,0,0,0,0,0,1,0,0,0,0,0,0,1,0,0,0,157,69,67,10,0,0,0,0,0,1,0,0,0,0,0,1,0,0,0,0,0,0,1,1,0,0
48,0,1,6,6,3,18,6,1,0,0,1,1,1,6,0,1,0,0,0,0,0,1,0,0,0,1,1,0,0,0,0,0,0,0,158,78,82,18,1,0,1,0,0,1,0,0,1,0,0,0,0,1,0,0,0,0,0,1,0,0
69,0,7,6,4,2,17,3,1,1,0,1,0,1,5,1,1,0,0,0,1,0,0,0,1,1,0,0,0,1,1,0,0,1,0,173,84,60,21,1,0,0,0,0,0,1,0,1,0,0,0,0,0,0,0,0,0,0,0,0,0
74,1,6,7,8,1,6,4,1,1,1,0,0,1,6,0,1,0,0,0,0,0,0,0,0,0,0,0,0,1,0,0,1,1,0,145,72,74,19,1,0,1,1,0,1,0,0,1,0,0,1,0,0,0,0,0,0,0,0,0,0
75,1,7,8,8,2,13,5,1,0,0,1,0,1,1,0,1,0,0,0,0,0,0,0,0,0,1,0,0,0,0,0,0,0,0,152,84,83,20,0,0,0,0,0,0,0,0,1,1,0,0,0,1,1,0,0,0,0,0,0,0
54,1,4,3,6,3,6,6,1,0,0,0,0,1,1,0,0,0,0,0,0,0,0,0,1,0,1,0,0,0,0,0,0,1,0,130,71,66,18,0,0,1,0,0,1,0,0,0,1,0,0,0,1,0,0,0,0,0,0,0,0
71,1,7,1,1,1,17,4,1,1,1,0,0,1,4,0,1,0,0,0,1,0,0,0,0,1,0,0,0,1,0,0,0,1,0,115,83,63,18,0,0,0,0,0,0,0,0,1,1,0,1,0,1,1,0,0,0,0,0,0,0
43,0,4,6,1,3,14,5,0,1,1,0,1,1,6,1,1,0,0,1,0,0,0,0,0,1,1,0,0,0,0,0,0,1,0,110,88,70,17,1,0,0,0,0,0,0,0,0,0,0,0,0,1,0,1,0,0,0,0,0,0
49,1,7,7,4,1,2,6,0,1,0,1,1,1,1,1,1,1,0,1,0,1,0,1,0,0,1,0,1,1,0,0,1,0,1,163,85,72,14,0,1,0,1,0,1,0,0,1,1,0,1,1,0,1,0,1,0,0,0,0
51,0,1,4,5,1,14,1,0,1,0,1,1,1,3,0,1,1,0,0,0,0,1,0,0,1,1,0,0,0,1,1,0,0,0,173,78,66,19,0,1,0,1,0,1,1,0,0,1,0,1,1,1,1,1,1,1,1,1,0
46,0,5,2,2,1,9,3,1,1,0,1,0,0,2,1,1,1,1,1,0,1,1,1,1,0,0,0,1,0,0,0,0,0,0,141,80,81,14,1,0,1,1,0,0,1,0,0,0,1,1,0,1,0,0,1,0,0,1,0
48,0,3,8,5,1,16,2,0,1,0,1,1,1,2,1,0,1,0,0,0,0,1,1,0,0,1,1,0,1,1,0,0,0,0,128,76,77,17,1,0,1,0,0,1,0,0,1,1,1,0,1,0,0,1,0,1,0,0,0
45,0,8,2,2,3,9,2,0,0,1,1,0,1,3,1,1,1,0,0,0,0,1,1,0,0,0,0,1,0,0,0,0,1,0,142,82,80,19,0,0,1,0,0,1,1,1,0,0,0,1,1,1,0,1,1,1,0,1,0
69,0,1,8,6,1,17,4,0,1,0,0,1,0,5,1,1,1,0,0,0,1,0,0,0,0,0,0,1,0,0,0,0,0,1,140,82,87,17,1,0,0,0,1,1,1,0,1,0,0,1,0,0,1,0,1,1,0,1,0
66,0,5,1,6,3,13,2,1,0,1,1,0,0,6,1,1,0,1,0,1,1,1,1,0,0,0,0,1,1,0,1,1,1,0,137,81,85,19,1,1,0,0,1,1,0,1,1,0,0,1,1,0,0,0,0,1,0,0,0
52,0,3,7,3,1,18,1,1,1,0,0,0,1,6,0,1,0,0,1,0,0,1,0,0,0,0,0,0,0,0,1,0,0,1,174,93,69,17,1,0,1,0,0,0,0,1,0,0,0,1,1,1,0,0,1,0,1,1,0
50,0,8,5,1,1,14,5,0,0,1,1,1,0,3,0,0,0,1,0,0,0,1,1,1,0,0,0,1,1,0,0,0,0,0,136,81,79,18,1,1,0,1,0,1,0,1,1,1,0,0,0,0,0,1,1,0,0,1,0
65,1,4,5,6,3,19,5,1,0,1,1,1,1,6,1,0,0,0,0,0,0,1,1,0,0,0,0,1,1,0,0,0,1,0,135,90,70,15,0,0,0,0,1,1,0,1,1,1,0,1,1,0,0,0,1,1,0,0,0
67,1,1,3,5,1,11,1,0,0,0,1,0,0,1,0,1,1,0,0,0,0,1,0,0,0,1,0,0,0,0,0,0,1,0,136,94,81,18,1,1,0,1,0,0,1,0,1,1,1,1,0,0,0,0,0,1,1,0,0
51,0,2,6,8,1,14,5,1,0,0,0,1,1,5,0,0,1,0,0,1,0,1,1,0,0,0,0,1,1,0,0,0,1,0,125,77,65,19,0,0,0,0,0,1,1,0,1,1,1,0,0,1,0,1,0,1,0,0,0
60,1,3,5,5,1,18,4,0,0,1,1,1,0,5,1,1,1,0,1,1,1,0,0,1,0,1,0,1,0,0,0,0,0,1,133,93,81,15,0,0,1,0,1,0,1,1,1,1,0,1,1,0,0,0,0,0,0,1,0
56,0,2,3,1,2,19,2,0,0,1,1,0,1,1,1,0,0,0,0,0,0,0,1,0,1,1,0,1,0,1,0,0,0,0,163,88,78,18,0,1,1,0,0,0,1,0,1,1,0,0,0,1,0,1,0,0,0,0,0
53,0,3,3,2,1,16,5,0,1,0,1,0,0,5,1,0,1,1,1,0,0,0,0,0,0,1,0,1,0,0,0,0,0,0,135,94,76,15,0,1,1,0,0,0,1,0,0,1,0,1,0,0,0,0,0,0,1,1,0
69,0,1,2,1,1,8,2,0,0,0,0,1,0,4,1,1,1,0,1,0,1,1,1,0,1,0,1,1,0,0,0,0,1,0,126,76,64,15,1,1,1,0,1,1,1,1,1,1,1,1,0,1,1,1,1,0,0,0,0
69,0,5,7,7,3,9,4,0,1,0,1,0,0,4,1,0,0,0,1,0,0,0,1,1,1,1,0,1,1,0,0,0,1,0,178,75,65,16,1,1,0,1,0,1,1,1,0,0,0,1,1,1,1,0,1,1,0,1,0
66,0,2,3,1,3,15,1,1,0,1,1,0,0,4,0,1,1,0,1,0,1,1,1,0,0,1,1,0,1,0,0,1,1,0,171,86,63,19,0,0,0,1,0,0,1,1,0,1,1,1,0,1,0,1,0,1,1,0,0
68,1,4,4,5,1,16,4,0,1,0,1,0,1,5,0,1,0,0,1,0,0,1,1,0,0,0,0,1,1,0,0,0,1,0,138,95,70,19,0,1,0,0,1,1,0,1,1,1,1,0,1,0,0,0,0,0,0,0,0
64,0,4,6,3,1,11,3,0,1,0,0,0,0,4,1,1,0,0,1,0,0,1,1,0,1,1,1,1,0,0,0,0,1,0,145,80,78,18,0,0,0,0,1,1,1,0,1,0,1,1,0,0,0,1,1,0,1,0,0
57,0,4,2,4,3,6,4,0,0,1,1,1,0,3,1,0,1,0,0,0,0,0,0,0,1,1,0,0,0,0,0,1,0,1,130,92,86,17,1,0,1,1,1,1,0,0,0,1,1,1,1,1,0,1,0,0,1,0,0
63,1,2,6,2,2,7,4,0,0,1,0,1,0,6,0,0,0,0,0,0,0,1,1,0,0,1,0,1,1,1,0,1,0,0,145,92,80,18,1,0,1,1,0,1,0,0,1,0,0,1,1,0,0,1,1,1,0,0,0
50,0,5,5,4,2,1,6,1,1,0,0,1,1,2,1,1,1,0,0,0,1,0,1,0,1,1,0,1,0,1,0,0,1,0,166,95,70,17,1,0,1,0,0,0,1,1,1,1,0,1,1,1,1,1,0,0,0,1,0
51,1,5,4,7,2,16,3,0,0,0,1,0,1,6,0,0,1,0,0,0,1,1,1,1,1,0,0,1,0,0,0,0,0,0,134,87,80,19,0,1,0,0,0,0,0,0,1,1,0,0,0,1,1,1,0,0,1,1,0
43,1,5,2,5,2,20,2,0,0,0,1,1,0,5,0,0,1,0,0,1,1,1,1,0,1,1,0,1,0,0,0,0,1,0,136,95,85,18,0,1,0,0,0,0,1,0,0,0,0,0,1,0,0,0,1,0,0,1,0
65,1,5,2,3,1,12,4,0,1,1,1,0,1,6,0,0,1,0,1,0,1,0,0,1,0,0,0,1,1,0,0,0,0,0,175,91,72,16,1,0,1,0,0,0,1,0,1,1,0,1,1,0,1,1,0,1,0,0,0
59,0,2,8,2,3,12,5,0,0,1,1,0,0,6,1,0,1,0,1,1,1,0,0,0,0,0,0,1,0,0,0,0,0,0,167,75,82,14,0,0,1,0,0,0,0,1,1,0,0,0,0,1,1,1,0,1,0,0,0
42,1,5,4,2,1,8,4,0,1,0,0,0,1,4,1,1,1,0,0,0,0,1,0,1,1,1,0,1,0,1,0,0,1,0,169,85,73,16,0,0,0,1,0,1,0,1,0,1,1,1,1,0,0,0,1,0,0,0,0
42,0,1,6,8,1,19,4,0,0,0,1,0,0,1,0,1,1,0,0,0,1,1,1,1,0,0,1,1,0,1,0,1,0,0,151,88,86,15,0,0,1,0,1,1,1,1,1,1,0,1,0,0,1,0,1,0,1,1,0
50,0,5,6,4,3,9,2,0,1,0,1,0,1,3,0,1,0,0,1,0,1,1,0,0,0,1,0,0,1,0,0,0,0,0,159,82,75,19,1,1,1,0,0,0,0,0,0,1,0,0,0,1,0,1,0,0,0,1,0
42,0,5,6,4,3,3,2,1,1,0,0,1,1,5,0,1,0,0,1,0,0,1,1,0,1,1,0,1,0,1,1,0,1,0,144,80,83,18,1,0,0,1,0,0,0,0,1,0,1,0,0,1,1,1,1,1,0,0,0
46,1,5,2,2,3,2,4,0,0,0,0,0,0,4,0,0,1,0,0,0,0,1,1,0,0,1,0,1,1,0,0,0,0,0,161,82,84,19,0,0,0,1,0,0,1,0,1,0,0,1,1,0,0,1,0,1,1,0,0
58,0,5,5,3,1,5,4,0,0,1,1,1,1,6,0,1,1,0,0,0,1,0,1,0,0,0,0,1,1,0,1,1,1,0,178,83,81,14,0,0,0,0,1,1,1,1,1,0,0,0,0,0,1,0,1,0,1,0,0
64,0,4,8,5,1,6,4,0,1,0,0,0,0,4,1,0,1,1,1,0,0,1,0,1,0,0,0,1,0,0,1,0,1,0,165,90,78,15,1,0,0,1,1,1,0,1,1,0,0,1,1,0,0,0,0,0,0,1,0
43,1,4,3,1,1,8,6,0,0,0,0,1,0,3,1,1,1,1,1,0,1,0,0,1,0,1,0,1,1,1,0,0,1,0,126,92,77,16,1,0,0,0,1,0,0,1,1,1,0,1,1,1,0,0,0,0,0,0,0
65,1,7,1,7,1,13,3,0,1,1,1,1,0,1,0,0,1,0,1,0,0,1,0,1,0,0,1,1,1,0,0,0,1,0,134,81,77,14,0,1,0,0,0,1,1,0,1,1,1,0,0,0,0,1,1,0,0,1,0
52,0,8,6,8,3,16,6,0,0,1,0,1,0,5,0,0,1,0,0,0,1,1,0,1,0,0,0,1,1,0,0,0,1,0,160,89,76,19,0,0,0,0,1,1,1,1,0,0,1,1,1,0,1,0,1,1,0,0,0
68,1,2,3,6,2,5,1,0,1,1,1,0,0,4,1,1,1,0,1,0,1,1,1,0,1,0,1,1,1,0,0,0,1,1,143,86,81,14,1,0,0,0,0,1,0,0,1,0,1,1,1,0,0,0,1,0,0,0,0
53,1,3,3,1,2,13,2,0,1,0,1,0,0,4,1,0,1,0,0,1,1,0,0,0,1,0,0,0,0,1,0,0,1,0,139,78,70,16,1,0,0,1,0,1,0,1,1,0,1,1,0,0,0,1,0,0,1,0,0
62,1,1,4,7,3,11,2,1,1,1,1,0,0,3,1,0,1,1,1,0,0,1,0,1,0,0,0,1,0,0,0,0,0,1,140,79,84,17,1,0,0,1,0,1,0,0,1,0,1,1,1,1,0,1,0,0,0,0,0
43,1,5,7,1,1,7,6,0,1,1,0,1,1,4,1,1,1,0,1,0,0,1,0,1,0,0,1,0,1,1,0,1,1,0,132,87,68,19,1,1,0,0,0,1,0,1,1,1,0,1,1,0,0,0,0,0,0,0,0
48,1,5,3,8,3,9,5,1,1,0,1,0,0,6,0,0,1,0,1,0,0,0,0,1,0,0,0,1,1,0,0,1,1,0,140,85,75,17,1,0,0,0,0,1,0,0,0,1,0,1,0,0,0,1,0,0,1,1,0
69,0,1,1,1,3,1,4,1,0,0,1,0,1,4,1,1,0,0,0,0,1,1,0,1,1,1,0,1,1,0,0,0,0,1,125,79,65,17,0,0,0,0,1,1,0,1,0,1,0,0,0,1,1,1,0,1,0,0,0
61,0,1,5,4,3,20,2,0,0,1,1,0,0,5,1,0,0,0,0,0,0,1,1,1,1,0,0,0,0,0,0,0,1,1,146,92,86,14,1,1,0,0,0,0,1,1,0,1,0,1,1,1,0,0,0,1,0,0,0
44,0,4,6,1,3,18,5,0,0,1,1,1,0,5,0,0,1,0,1,0,1,1,1,1,0,0,0,0,0,0,1,0,1,0,131,76,66,18,0,0,1,1,0,0,0,1,0,1,0,1,0,1,0,0,0,1,0,0,0
63,1,5,7,1,3,1,1,0,0,1,1,0,0,1,0,1,0,0,1,0,0,1,0,1,1,1,0,1,1,1,1,0,1,1,178,82,69,14,0,1,0,0,1,0,0,0,0,1,1,1,0,0,0,0,0,0,1,1,0
62,0,3,6,4,3,17,6,0,0,0,1,0,1,3,1,1,1,0,0,0,0,0,0,1,0,0,1,1,1,1,0,0,1,0,127,76,82,16,1,0,0,0,0,1,1,0,1,1,1,0,0,0,0,1,1,0,0,0,0
55,0,2,6,2,3,5,4,0,0,0,1,1,1,2,1,1,0,1,1,0,1,0,0,0,0,1,0,0,1,0,0,0,1,0,175,88,66,18,1,1,0,1,1,1,1,1,0,1,1,0,0,0,1,0,0,0,0,0,0
58,0,3,2,1,2,10,3,0,1,1,1,0,0,5,1,1,1,0,1,0,1,0,1,1,1,1,1,0,1,0,0,0,0,1,163,90,79,14,1,1,1,0,0,1,0,1,0,1,0,0,0,1,0,1,0,0,1,1,0
65,1,4,8,2,3,9,2,0,0,0,1,1,0,4,1,1,1,0,0,0,0,1,0,0,0,0,1,1,0,0,0,0,1,0,129,75,69,18,1,1,0,1,1,1,1,0,1,1,1,1,0,0,0,0,0,1,0,0,0
67,1,7,1,8,3,14,5,0,0,0,1,0,0,5,0,1,1,0,0,0,0,0,0,1,1,1,1,1,1,0,0,1,0,0,156,91,76,17,1,0,1,1,0,0,1,1,0,0,0,1,1,1,0,0,0,0,0,1,0
63,0,5,2,4,1,9,3,1,0,0,1,0,0,4,0,1,0,1,1,0,1,1,0,0,0,1,0,1,0,0,1,0,1,0,129,89,75,19,1,0,0,0,0,1,1,0,1,1,0,0,1,1,0,0,0,0,1,0,0
51,1,2,1,7,1,3,4,0,0,0,0,1,1,1,0,0,1,0,0,0,1,0,0,0,0,1,1,1,1,0,0,0,1,1,128,76,67,19,1,0,0,0,0,1,1,1,1,1,0,1,1,0,0,1,0,1,0,0,0
52,0,5,5,6,1,7,5,1,0,0,1,0,1,5,0,0,1,0,1,0,1,1,1,1,0,0,1,1,1,1,0,0,0,0,162,88,65,18,1,1,1,0,0,0,1,1,1,0,0,0,0,1,1,0,1,0,0,1,0
43,0,5,2,7,1,15,3,1,1,0,1,0,0,5,0,1,0,0,0,0,1,1,0,0,1,0,1,1,0,0,0,0,0,0,171,77,73,18,0,0,1,0,0,1,1,0,1,0,0,1,1,1,0,1,0,1,0,0,0
45,1,5,8,1,3,18,5,0,0,0,1,0,1,5,1,0,1,0,0,1,0,0,0,0,0,0,0,1,1,0,0,0,0,0,134,80,87,14,1,0,1,1,0,1,0,0,0,1,0,1,0,0,0,1,0,0,0,0,0
57,1,5,6,4,2,8,3,1,1,1,1,1,0,3,1,1,0,1,0,0,0,0,1,0,0,1,0,1,0,0,1,0,1,0,165,95,78,15,1,0,0,0,1,0,0,1,1,0,0,1,0,0,0,0,0,1,1,1,0
41,1,4,1,1,1,14,5,1,1,0,1,0,1,5,1,1,0,1,0,0,0,1,0,1,1,1,0,1,1,0,1,1,1,0,137,85,72,19,0,0,0,1,0,1,0,0,1,0,0,0,1,0,0,1,0,0,1,0,0
65,0,2,4,1,1,9,2,0,1,0,0,0,0,5,1,0,1,1,1,0,0,0,1,1,0,1,0,0,1,1,0,0,1,0,155,81,80,18,1,0,1,0,1,0,0,0,1,1,0,1,0,0,0,0,0,0,0,0,0
55,1,4,1,7,1,10,1,0,1,1,1,0,0,6,0,1,1,0,0,0,0,0,0,1,1,0,0,1,0,0,1,0,0,0,168,92,67,17,1,1,1,0,0,0,1,0,0,0,0,1,0,0,1,1,1,0,1,1,0
41,1,1,4,7,1,18,2,0,1,1,1,1,0,3,0,1,1,0,0,0,1,0,0,0,0,0,0,0,1,0,1,1,1,1,146,76,78,16,1,1,0,1,0,0,1,1,0,0,0,1,0,0,0,1,1,1,1,1,0
46,1,8,2,2,3,9,2,1,0,1,1,1,1,4,0,1,0,0,0,0,1,0,0,1,1,0,0,1,0,1,0,0,0,0,156,94,86,16,1,0,1,1,1,1,1,0,0,0,1,1,0,1,0,0,1,1,1,1,0
65,0,1,3,4,2,12,4,1,0,1,0,1,0,5,1,1,1,1,0,0,1,1,0,0,1,1,0,0,0,0,0,0,1,0,148,78,81,16,0,0,1,0,1,0,0,1,1,1,0,1,0,1,0,0,1,1,1,0,0
59,0,5,3,4,1,12,3,1,0,1,0,1,1,3,1,1,1,0,1,0,0,1,0,0,0,0,0,1,0,0,0,0,1,1,143,81,77,17,1,1,0,0,0,1,1,1,0,1,0,1,0,1,0,1,0,0,0,0,0
49,1,5,1,7,1,5,3,0,1,1,1,0,0,3,1,0,1,1,1,0,0,1,0,1,1,1,0,1,1,1,0,0,0,0,151,89,76,14,0,0,0,0,1,1,1,1,0,1,0,0,1,0,0,1,0,0,0,1,0
42,0,3,4,6,2,12,5,0,0,0,0,0,0,4,0,1,1,1,0,0,0,1,0,0,0,1,0,1,1,0,0,0,0,1,127,76,83,18,1,0,0,1,0,1,0,0,0,1,0,1,0,0,0,0,0,0,0,0,0
45,1,7,3,7,1,17,2,0,1,0,1,0,1,4,0,0,1,0,0,0,0,1,1,0,0,0,1,1,1,0,0,0,0,0,147,76,83,16,1,0,1,0,0,0,0,0,1,0,0,1,1,0,1,1,0,1,0,0,0
48,0,1,4,4,1,16,4,0,1,1,1,1,0,4,0,1,1,0,1,0,1,1,1,0,1,1,0,1,0,0,0,1,1,0,164,91,85,14,1,0,0,0,0,0,0,0,0,1,0,1,1,0,1,1,0,0,0,0,0
50,1,7,5,4,1,15,1,1,0,1,1,0,0,5,0,0,1,0,0,0,0,1,0,0,0,0,0,0,0,1,0,0,1,1,169,95,77,16,1,0,0,0,1,1,1,0,1,1,0,0,0,0,1,1,0,1,0,0,0
57,1,5,3,2,3,14,6,0,0,0,1,0,0,3,1,0,1,0,0,0,0,0,1,1,0,1,0,0,1,0,0,0,1,0,179,78,64,14,1,0,1,0,0,0,0,0,1,1,1,1,0,1,0,1,0,1,0,1,0
50,1,2,5,4,3,15,3,1,1,0,1,0,1,6,1,1,0,0,0,0,0,1,0,1,1,0,1,0,0,0,0,0,0,1,165,84,78,16,0,1,1,0,0,1,0,0,1,0,0,1,1,0,1,1,0,1,0,0,0
61,0,4,6,8,3,1,3,1,0,0,0,1,0,2,0,0,0,0,1,1,0,1,0,1,0,1,0,0,0,0,0,0,0,0,176,84,63,18,1,1,0,0,1,1,0,1,0,1,0,0,1,1,1,0,0,1,1,0,0
52,1,1,2,7,3,6,3,0,0,0,0,0,0,3,1,0,1,0,0,0,0,0,0,0,0,1,0,1,1,0,1,0,1,1,158,90,71,16,0,0,0,1,1,0,0,1,0,1,1,0,0,1,1,1,1,0,1,0,0
58,1,5,5,3,3,2,6,1,1,0,1,1,0,3,1,0,0,0,1,1,0,0,0,0,0,1,0,1,0,1,1,0,0,0,147,75,87,17,1,0,1,0,0,0,0,0,1,0,1,1,1,0,1,1,1,1,0,1,0
70,1,5,2,7,3,11,2,1,1,1,1,0,0,3,1,1,0,0,0,1,1,0,1,1,0,0,0,0,1,1,1,0,1,0,177,95,72,17,0,1,1,0,1,0,1,0,1,0,1,0,1,0,0,0,1,1,0,0,0
49,1,1,7,1,1,16,3,0,0,1,1,1,0,5,1,1,1,0,0,0,1,0,1,0,0,1,1,0,0,0,1,0,0,0,155,75,84,14,1,1,1,0,1,0,1,1,1,1,0,0,1,1,1,1,0,0,1,0,0
51,1,8,5,1,3,17,1,1,0,1,0,1,0,5,0,0,1,0,1,1,0,1,1,0,0,1,1,1,0,0,1,0,0,0,160,91,68,15,0,0,1,1,0,1,1,0,1,1,1,1,1,1,1,0,0,0,0,1,0
60,1,3,2,2,3,8,2,0,0,1,0,1,0,3,0,1,1,0,0,0,0,0,0,0,1,0,0,0,0,1,0,0,0,0,127,84,86,17,0,1,0,0,1,0,0,1,1,0,1,1,1,1,0,0,1,0,0,1,0
66,0,3,8,5,3,20,3,1,1,0,0,1,1,4,0,0,0,0,1,0,0,1,1,1,0,1,0,1,1,0,1,0,1,1,135,95,64,19,1,1,1,0,1,1,0,0,1,0,1,0,1,1,1,0,0,0,1,1,0
72,1,4,1,1,1,15,2,1,0,1,1,0,0,3,0,1,0,0,1,1,0,0,1,0,0,0,0,1,0,1,1,1,0,0,170,92,68,19,0,1,0,1,0,1,0,1,1,0,0,0,1,0,0,0,1,0,0,1,0
54,1,5,7,6,3,14,2,1,1,1,1,0,0,5,1,0,0,0,0,1,0,1,0,0,1,0,1,1,0,0,1,1,0,0,127,76,75,18,1,0,1,1,1,1,0,0,0,1,1,0,1,1,0,0,1,0,1,0,0
48,1,3,8,6,1,6,1,0,0,1,1,1,1,5,1,1,1,0,0,0,0,1,1,0,0,0,1,1,1,1,0,0,0,1,143,90,81,14,1,0,0,0,1,1,0,1,0,0,1,0,1,1,0,0,1,1,1,0,0
54,0,8,6,6,1,7,4,0,0,1,0,1,0,3,0,1,1,0,0,0,0,1,1,1,1,0,0,0,1,0,1,0,0,1,148,76,70,17,1,1,0,1,0,1,0,0,0,1,0,0,0,1,0,1,0,0,0,0,0
53,1,1,8,1,1,6,6,1,1,1,1,0,0,3,0,0,1,0,1,1,0,0,1,1,0,1,0,1,0,1,0,1,0,0,167,84,80,18,1,0,0,0,0,0,0,0,1,1,0,0,1,1,0,0,0,1,1,0,0
48,1,2,1,6,3,20,3,1,1,1,0,1,1,4,1,1,0,0,1,0,1,1,1,1,0,1,0,0,1,1,0,0,1,0,138,95,75,16,1,0,1,0,1,1,1,0,1,0,1,0,0,1,0,1,0,1,1,1,0
60,1,4,8,2,1,9,4,0,0,1,0,1,0,2,0,1,1,0,1,0,1,0,1,1,0,0,0,0,1,0,0,0,0,0,161,88,72,17,0,0,0,1,1,1,1,0,1,0,1,0,1,1,1,0,1,0,1,1,0
68,1,8,3,1,1,10,2,1,0,0,0,1,0,3,1,0,0,0,0,1,1,1,1,1,1,1,0,1,0,0,1,0,1,0,155,79,73,19,1,0,0,1,0,1,0,1,0,0,0,0,1,1,0,1,0,1,1,1,0
66,1,3,5,1,3,1,4,1,1,0,0,1,0,3,1,1,1,0,0,0,1,1,1,0,0,1,0,1,1,1,1,0,0,0,141,89,78,19,1,1,0,0,0,1,0,0,0,1,1,1,1,0,1,1,0,0,0,1,0
54,1,5,2,1,1,11,1,1,1,1,1,1,1,5,1,0,1,0,0,0,0,1,0,0,0,0,0,1,1,1,0,0,0,0,160,93,72,16,0,1,1,1,0,0,1,0,0,1,0,0,1,1,1,1,0,0,1,0,0
65,0,1,5,1,3,7,5,1,1,1,0,0,0,3,0,1,0,1,0,1,1,1,1,1,1,0,0,0,0,0,1,0,0,1,162,92,87,17,0,1,0,0,0,0,0,1,1,0,1,0,1,0,0,1,0,1,0,0,0
58,0,1,2,8,3,2,4,0,0,1,1,0,1,4,0,0,1,0,0,0,0,1,0,0,1,0,1,1,1,1,0,1,0,1,154,95,85,16,0,0,0,0,1,0,1,1,0,0,1,0,1,1,1,0,1,1,1,0,0
58,1,4,4,6,1,14,5,1,0,0,1,0,1,2,1,0,1,0,0,1,0,1,0,0,0,1,1,1,1,1,0,0,0,0,149,88,85,17,0,1,1,1,1,0,0,0,0,1,0,0,1,0,0,0,1,0,1,0,0
70,0,3,6,4,1,5,5,0,1,0,1,0,1,4,1,1,1,0,0,1,1,1,0,0,1,0,0,0,1,0,0,1,1,0,163,83,66,16,0,0,1,0,1,1,0,1,0,0,1,0,1,1,1,0,0,0,1,1,0
69,1,4,5,6,3,20,2,1,1,0,1,0,1,4,0,1,1,0,0,0,0,1,0,1,1,1,0,1,1,0,1,0,0,1,169,78,75,18,0,1,1,1,0,0,0,1,1,0,1,1,1,1,1,1,0,1,1,0,0
67,1,8,2,4,3,7,6,0,1,0,0,0,1,3,1,1,1,1,1,0,0,0,0,1,0,0,0,1,1,0,0,1,0,0,144,89,82,19,0,1,1,0,1,0,1,1,0,1,0,0,1,1,0,0,1,0,0,1,0
60,1,3,2,1,3,15,5,0,0,1,0,0,1,3,0,1,1,0,0,1,1,1,1,0,0,1,0,0,0,0,0,0,0,0,154,90,78,18,0,0,0,1,1,0,1,1,0,0,1,0,0,0,1,0,0,1,0,0,0
69,1,1,5,2,1,14,6,0,0,1,0,0,0,6,1,0,1,0,0,1,1,1,0,0,0,0,0,0,0,1,1,0,0,0,136,84,77,17,0,0,1,0,0,1,1,1,0,1,0,1,1,1,1,1,1,0,1,1,0
63,0,8,2,1,3,9,5,0,0,0,0,0,0,1,0,0,0,0,1,0,1,0,0,0,0,1,0,0,1,1,0,0,0,0,162,87,71,19,1,0,0,1,0,0,0,1,0,1,1,1,1,0,0,1,0,1,0,1,0
67,0,1,5,6,3,1,2,0,0,0,1,1,0,3,1,1,1,1,0,1,1,0,0,0,0,1,0,0,0,1,1,1,1,0,169,92,67,18,1,0,0,0,0,0,0,0,1,0,1,0,1,1,0,0,1,0,0,1,0
48,1,2,8,8,1,12,4,1,1,1,0,0,0,5,1,1,1,0,1,0,0,1,1,0,1,1,0,0,0,1,0,0,0,1,163,78,66,18,1,1,1,0,1,1,1,0,0,1,0,0,0,0,0,1,0,1,0,1,0
56,0,3,5,5,3,6,4,1,1,1,1,1,1,3,1,1,1,0,1,1,0,0,1,0,1,0,0,0,0,1,1,0,1,1,152,91,76,17,1,1,1,0,1,0,0,1,1,0,1,1,1,0,0,1,1,0,1,0,0
59,0,1,7,7,3,7,4,0,1,1,0,0,1,4,0,0,0,0,1,0,0,0,0,1,0,1,0,1,0,1,0,1,0,1,171,76,67,18,1,0,0,0,0,1,0,0,0,0,1,0,1,0,0,0,1,0,0,0,0
60,0,7,5,4,3,8,1,1,1,0,1,1,0,4,1,0,0,0,1,0,0,0,1,1,1,1,0,0,0,1,1,0,0,0,138,84,84,17,1,0,1,1,1,1,1,1,0,1,1,1,0,0,0,0,0,1,0,0,0
50,1,4,1,1,2,13,2,1,1,0,0,0,1,3,0,1,0,0,1,0,1,0,0,0,1,1,1,1,1,1,1,0,1,1,168,86,74,17,0,0,0,1,1,1,0,1,0,1,0,0,0,1,0,0,0,1,0,0,0
65,1,4,2,4,1,16,5,0,1,0,1,0,1,3,1,1,1,0,0,1,1,0,0,0,1,1,1,1,1,1,1,0,0,1,154,94,87,18,0,0,0,0,0,0,1,0,1,0,1,0,1,1,0,1,1,0,0,0,0
67,1,4,5,5,1,8,3,1,1,1,0,1,1,3,1,1,1,0,1,0,0,1,1,1,1,0,1,0,0,0,0,0,1,1,240,92,63,20,1,1,0,1,1,0,1,0,0,1,1,1,1,1,1,1,1,1,1,1,1
52,1,1,4,3,1,10,4,0,1,1,1,0,1,3,0,0,0,1,0,0,1,1,0,1,1,0,0,1,1,1,1,1,1,1,198,96,88,19,0,0,1,1,1,0,1,1,1,1,1,1,1,1,1,1,0,1,1,1,1
43,1,2,1,1,1,1,4,0,0,1,1,0,1,3,1,0,1,0,0,1,1,1,1,1,1,1,0,0,0,1,0,1,1,0,198,94,70,18,1,0,0,1,0,0,1,0,1,1,1,1,1,1,1,0,1,1,1,0,1
77,1,2,2,7,2,3,1,1,0,1,0,1,1,6,1,0,1,0,1,0,0,1,0,0,1,1,1,1,1,1,0,1,1,0,201,99,75,16,0,0,0,0,1,0,1,1,1,0,1,1,1,1,1,1,0,0,1,1,1
55,1,2,5,1,1,6,4,0,0,1,1,1,1,4,1,0,1,1,0,1,1,1,1,1,0,1,1,1,0,1,0,1,1,1,174,97,75,19,0,1,0,1,1,0,1,1,1,1,1,0,1,1,1,1,1,1,1,1,1
49,1,3,4,1,2,1,2,0,0,1,1,1,1,3,0,1,1,1,1,0,0,1,0,0,0,1,0,0,0,0,0,1,0,1,236,80,88,17,1,0,0,1,1,1,1,0,1,1,1,1,1,0,1,1,1,1,1,0,1
55,1,1,1,6,1,10,5,0,0,1,1,1,1,3,0,0,1,1,1,1,0,1,1,0,1,1,0,1,0,0,0,1,1,1,240,80,65,20,1,0,1,0,1,0,1,1,1,0,1,1,1,1,1,1,0,1,1,1,1
66,1,5,3,4,2,6,3,1,1,1,0,1,1,4,1,1,1,0,0,1,0,1,1,0,0,1,0,1,1,0,1,1,1,1,188,99,58,20,1,0,1,1,0,0,1,0,1,0,1,1,1,0,1,1,1,0,1,1,1
44,0,1,3,8,1,2,3,0,1,1,0,1,0,4,1,0,1,1,1,1,1,0,0,1,0,1,0,0,1,1,0,0,1,1,211,94,60,17,1,1,1,1,0,0,1,0,1,1,1,1,1,1,1,1,0,1,1,1,1
77,0,1,3,2,1,11,1,0,1,1,1,1,0,4,0,1,1,0,0,1,0,1,1,1,1,1,0,1,1,1,0,1,1,0,158,91,87,20,1,0,1,1,1,1,0,0,1,0,1,0,1,1,1,1,1,1,0,1,1
54,1,3,3,5,3,4,2,0,1,1,1,1,1,2,1,0,0,0,0,0,1,1,1,1,0,0,0,1,1,1,1,1,1,0,198,94,60,16,1,1,1,0,0,1,1,0,1,1,1,1,1,1,1,1,1,1,1,1,1
45,0,3,2,5,1,1,5,1,1,1,0,1,1,3,1,0,1,1,1,1,1,1,1,1,1,1,0,1,1,1,0,1,1,0,186,92,80,17,1,0,0,0,0,0,1,0,1,0,1,0,1,1,1,1,1,1,1,1,1
74,0,2,1,4,1,8,2,0,1,1,0,0,1,4,1,0,0,1,0,1,1,1,0,0,1,0,0,0,1,0,0,0,0,1,195,98,87,16,1,1,1,0,1,0,1,1,1,1,1,1,1,1,1,1,1,1,1,1,1
51,1,2,4,3,1,3,5,1,0,1,0,0,1,3,1,0,1,1,1,0,1,1,0,1,0,0,1,1,0,0,0,0,1,0,201,95,57,17,1,1,1,1,1,0,1,1,1,1,1,1,1,1,1,0,1,0,1,1,1
40,0,2,2,3,3,3,2,0,1,1,1,1,1,2,1,1,0,0,1,0,1,1,1,1,1,1,0,1,1,0,0,0,0,0,133,98,65,17,0,0,1,1,1,0,1,1,1,0,1,1,1,1,1,1,1,1,1,1,1
56,1,2,3,2,1,10,5,0,0,0,0,0,1,3,1,1,1,0,0,0,1,0,0,1,1,0,1,1,1,1,0,1,1,1,143,97,81,18,1,1,1,1,1,1,1,1,1,0,1,1,1,1,1,1,1,1,0,1,1
64,0,3,3,8,3,10,5,1,1,1,0,1,1,2,1,1,1,0,0,0,0,1,1,1,1,1,0,1,1,0,1,1,1,0,233,96,74,16,1,0,1,0,0,0,1,1,1,0,1,1,1,1,1,1,1,0,1,1,1
64,1,1,4,1,1,6,5,1,0,1,1,1,1,4,1,0,1,1,0,0,1,1,1,1,1,0,0,1,1,0,0,0,1,1,190,100,67,16,1,0,1,1,1,1,1,1,1,1,1,1,0,1,1,1,1,0,1,1,1
59,0,4,3,5,1,1,5,1,1,1,0,1,1,6,0,0,0,0,1,0,1,1,1,1,1,1,0,0,0,1,0,0,0,1,195,84,89,20,0,0,1,1,1,0,1,1,1,1,1,1,1,1,1,1,1,1,0,1,1
42,1,4,2,4,1,6,2,1,1,1,0,1,1,2,1,1,1,1,0,0,0,1,0,1,1,0,0,0,0,1,0,1,0,1,172,85,88,17,1,1,1,1,1,1,1,1,1,1,1,1,1,0,1,1,1,1,1,0,1
42,1,4,4,1,1,9,3,1,1,1,0,1,1,2,1,0,1,0,0,1,1,1,1,1,1,1,0,1,1,1,1,0,1,0,192,87,69,18,1,0,0,1,1,1,1,1,1,1,0,0,1,1,1,1,1,1,1,1,1
78,0,3,4,1,1,1,4,1,1,0,1,1,1,6,0,1,1,1,1,1,1,1,0,1,1,0,0,0,1,0,0,0,1,1,240,83,64,16,1,1,1,1,1,0,1,1,0,1,1,0,1,1,1,1,1,1,1,1,1
53,1,3,2,3,3,1,4,0,1,1,0,1,0,6,1,0,1,0,1,1,1,0,0,1,1,1,0,1,0,0,0,0,1,1,166,94,83,19,0,1,1,1,0,0,1,0,1,1,1,0,1,1,1,1,1,1,1,1,1
77,0,6,2,1,1,5,3,1,1,1,0,1,1,4,1,1,1,0,0,1,0,1,0,1,1,1,0,0,0,0,1,0,1,0,225,88,74,19,1,0,1,0,1,1,0,1,1,1,1,1,1,0,1,1,1,1,1,1,1
75,0,4,4,5,1,3,3,1,0,1,1,1,0,3,1,1,0,1,1,0,1,0,1,1,1,1,1,1,1,1,0,0,1,0,181,100,86,18,0,0,1,0,0,0,1,1,1,0,1,1,1,1,1,1,1,1,1,1,1
56,1,5,4,2,1,1,4,1,1,1,0,1,1,4,0,1,1,1,0,1,1,1,0,1,1,1,1,1,1,1,0,0,1,1,179,95,74,19,1,1,1,0,1,1,1,0,1,0,1,1,1,1,1,1,1,1,0,1,1
61,0,2,5,1,1,1,5,0,1,1,0,1,1,2,1,0,1,0,1,0,1,1,0,1,1,1,0,1,0,1,1,0,1,0,172,81,77,20,1,1,0,1,1,1,1,0,1,0,1,1,1,1,1,1,1,1,1,1,1
47,1,1,4,6,1,6,1,1,1,1,1,1,1,1,1,1,1,1,1,1,1,1,1,1,0,1,0,1,0,1,0,0,1,0,167,91,74,19,1,1,1,1,1,0,1,1,1,0,1,0,1,0,1,1,1,1,1,1,1
66,0,4,4,7,1,2,3,1,1,1,1,1,0,3,1,1,1,0,0,0,1,1,1,0,1,1,0,0,0,0,1,0,1,0,138,98,57,20,0,0,0,1,1,0,1,1,1,0,1,1,0,1,1,1,1,1,0,1,1
76,1,3,6,2,1,1,4,1,0,1,1,1,1,3,1,1,1,1,0,0,1,1,0,1,1,1,1,1,0,0,1,0,1,0,196,96,81,16,1,1,1,1,1,1,0,1,1,1,1,1,1,1,1,1,1,1,1,0,1
48,0,1,2,3,1,7,4,0,0,1,1,1,1,3,1,0,1,0,0,1,0,1,0,0,1,1,0,1,0,1,0,0,0,1,216,81,87,20,1,0,0,1,1,0,1,1,1,0,1,1,0,0,1,1,1,1,1,1,1
61,0,4,1,4,1,4,1,1,1,1,1,1,1,5,1,0,0,1,0,0,1,1,0,1,0,1,0,1,1,0,1,1,1,1,218,97,75,19,1,1,1,1,0,0,1,1,1,0,1,1,1,1,1,1,1,1,1,1,1
67,1,3,3,5,2,3,1,1,0,0,0,1,1,5,1,0,1,0,1,1,1,1,1,0,0,0,0,0,0,1,0,1,0,1,152,87,62,17,0,1,1,1,0,1,1,0,1,0,1,1,1,1,1,1,1,1,1,1,1
46,1,3,1,5,2,9,5,1,1,1,0,1,1,3,1,1,1,0,1,1,0,1,1,0,1,1,1,1,0,0,0,1,0,0,239,97,75,20,0,1,1,1,0,0,1,0,1,1,1,1,1,0,1,1,1,1,1,1,1
65,0,4,2,6,1,5,2,1,0,1,1,0,1,4,1,0,1,0,0,1,1,1,1,1,1,1,0,1,1,1,0,1,1,1,172,94,89,18,1,1,1,0,0,1,1,1,1,1,1,1,1,1,1,1,1,1,1,1,1
47,1,3,3,1,1,3,1,0,1,0,1,1,1,2,0,0,1,0,1,0,1,1,1,1,1,1,1,1,1,0,1,0,0,0,194,92,64,19,1,0,0,1,1,0,1,0,1,1,1,1,1,1,1,1,1,1,1,1,1
74,1,4,4,8,2,3,2,1,1,1,0,1,1,2,1,0,1,1,0,1,0,1,0,1,1,1,1,0,0,0,0,0,1,1,237,86,58,18,0,0,0,1,1,0,0,1,1,0,1,1,1,0,1,1,1,1,1,1,1
38,1,4,6,5,1,1,4,0,1,1,0,1,1,2,0,1,1,0,0,0,0,1,1,1,0,1,1,1,1,1,1,1,1,1,218,85,74,20,0,1,1,1,1,0,1,1,1,1,1,1,1,0,1,1,1,1,1,0,1
61,1,3,5,5,3,2,4,1,1,0,1,1,1,2,1,0,1,1,0,1,0,1,1,1,1,1,1,1,0,0,0,1,1,0,159,89,59,20,1,0,1,1,1,1,1,1,1,0,1,1,1,1,1,1,1,1,1,1,1
69,0,3,2,2,1,7,2,0,0,1,1,1,1,6,1,1,1,1,0,0,1,1,0,1,1,0,0,1,0,0,0,1,1,0,133,87,67,20,1,1,1,1,0,1,1,1,1,1,0,1,1,0,1,1,1,1,1,1,1
64,1,2,4,5,2,3,1,1,1,1,0,1,1,5,1,0,1,1,1,0,1,0,1,1,1,0,0,1,0,1,0,0,0,0,151,85,84,16,0,0,0,1,1,1,1,1,1,1,1,1,0,1,1,1,1,1,1,0,1
79,1,2,5,1,2,1,3,0,0,1,1,1,1,2,1,0,1,0,1,0,0,1,1,1,1,1,1,1,1,0,1,1,0,0,168,90,67,19,1,1,0,1,1,0,1,0,1,1,1,1,1,1,1,1,0,0,1,1,1
68,1,3,4,8,1,4,3,0,1,1,1,0,1,6,1,1,1,1,0,0,0,1,0,1,0,1,0,0,0,1,1,0,1,0,208,99,68,18,0,1,1,0,1,0,0,1,1,1,1,1,1,1,1,1,1,1,1,1,1
78,1,6,3,6,2,1,2,0,1,1,1,1,1,3,0,0,1,1,0,0,1,1,1,0,0,1,0,0,0,1,0,0,1,0,176,83,71,20,0,0,1,1,1,0,1,1,1,1,1,1,1,1,0,1,0,1,1,1,1
38,0,3,1,4,1,2,4,0,1,1,1,0,1,1,1,0,0,0,0,0,1,1,0,0,0,1,0,1,0,1,0,0,1,0,147,100,89,20,1,1,0,1,1,0,1,1,1,1,1,1,1,0,1,1,1,1,1,1,1
62,1,3,2,8,1,5,4,0,1,1,1,1,0,3,1,0,1,1,0,0,1,1,1,1,0,0,0,1,1,1,0,1,1,0,207,85,80,18,0,0,1,1,0,0,0,1,1,0,1,1,1,1,1,1,1,1,1,1,1
54,0,4,2,1,2,5,3,0,1,1,1,1,1,2,1,1,1,1,1,0,1,1,0,1,1,1,0,1,1,0,1,1,0,0,223,91,57,19,1,0,0,0,1,0,1,0,0,0,0,0,1,0,1,1,1,1,1,1,1
45,0,5,2,8,1,1,4,1,1,1,0,1,1,1,0,1,1,1,1,1,1,1,1,0,1,1,1,1,0,1,1,0,0,0,232,81,90,19,1,1,0,0,1,0,0,1,1,0,1,1,1,1,1,1,0,1,1,1,1
38,1,3,5,5,1,9,2,0,1,1,0,1,0,6,1,0,1,0,1,1,1,1,1,1,0,1,1,1,0,1,0,0,1,0,190,94,89,18,1,1,1,1,1,1,0,0,0,1,1,1,1,1,1,1,1,1,1,1,1
72,1,4,4,3,2,7,2,0,0,1,0,0,0,4,0,1,1,0,0,1,0,1,1,1,1,0,0,1,1,1,1,1,0,0,154,82,76,20,1,0,0,1,1,0,0,1,1,1,1,0,1,1,1,1,1,1,1,1,1
58,0,3,4,4,2,2,2,1,1,1,0,1,1,2,1,1,1,1,1,0,1,1,1,0,1,0,1,1,1,0,1,1,1,1,211,88,67,18,1,1,0,1,1,1,1,1,1,1,1,1,1,1,1,1,1,1,1,1,1
55,1,4,6,2,1,9,3,1,1,1,0,1,1,4,1,0,0,1,0,0,1,1,1,1,1,0,1,0,0,1,0,0,1,1,199,80,76,18,1,0,0,0,1,1,1,0,0,0,1,1,1,1,1,1,1,1,1,1,1
46,1,1,5,6,1,1,4,0,1,1,0,1,1,2,1,1,0,1,1,0,1,1,1,1,1,0,1,1,1,1,1,0,0,0,186,91,78,16,1,0,1,1,1,1,0,1,1,0,1,1,1,1,1,1,1,1,1,1,1
70,0,1,1,7,3,1,4,1,1,1,0,1,1,4,0,1,1,0,0,0,1,1,1,1,0,1,0,0,1,0,0,0,1,1,149,87,86,18,1,0,1,1,0,1,0,1,1,1,1,1,1,1,1,1,1,1,1,0,1
41,0,2,4,3,1,4,2,1,1,1,0,1,1,4,0,1,1,0,1,1,1,0,1,0,1,0,0,0,0,0,0,1,1,0,195,94,86,19,0,0,1,1,1,0,1,0,0,1,1,1,1,1,1,1,1,0,1,1,1
55,0,2,1,2,1,5,4,1,1,1,0,0,1,4,1,1,1,1,0,1,1,1,1,1,1,0,0,1,1,1,0,0,0,0,235,85,64,19,1,0,0,1,1,0,1,0,1,1,1,1,1,1,1,1,1,1,1,0,1
62,1,2,3,2,1,6,2,1,1,1,0,1,0,4,0,1,1,1,0,1,1,1,1,1,1,1,0,1,1,0,0,1,1,0,173,97,88,16,1,1,0,1,1,1,1,1,0,1,1,1,1,1,1,1,1,0,1,1,1
61,1,3,5,3,1,3,4,0,1,1,1,1,0,4,1,0,0,0,1,0,1,1,1,1,1,0,0,0,0,1,1,0,0,1,181,91,74,16,0,1,1,1,1,1,1,1,1,1,1,1,1,1,1,1,0,0,1,1,1
75,1,2,1,1,2,1,4,1,1,1,0,1,1,4,0,1,1,0,0,0,1,1,1,1,0,1,0,0,0,1,0,0,1,1,224,97,70,18,0,0,1,0,1,0,0,0,1,0,1,1,1,0,1,1,1,1,1,1,1
73,1,1,3,1,1,3,1,1,1,1,0,1,1,3,1,0,0,0,1,0,0,1,0,0,1,0,1,1,0,1,1,0,0,1,233,99,88,16,1,1,1,1,1,0,1,1,1,1,1,0,1,1,1,1,1,1,1,1,1
70,0,3,3,8,1,7,5,0,0,1,1,1,1,2,0,1,1,0,1,1,1,0,1,1,1,1,0,1,0,1,0,1,0,0,135,98,89,20,1,1,1,0,1,0,1,0,0,1,1,1,0,1,1,1,1,1,1,0,1
45,1,2,4,1,3,6,4,0,1,1,1,1,1,3,1,0,0,1,0,0,0,1,1,1,1,0,1,1,0,0,1,0,0,0,227,96,79,20,0,0,1,1,0,0,1,0,1,1,1,1,1,1,1,1,1,1,0,1,1
52,1,4,4,7,1,1,1,0,1,1,1,1,0,6,1,1,1,0,0,0,0,1,1,1,1,0,0,1,1,1,0,1,0,1,144,99,73,19,1,0,0,1,1,1,1,0,1,0,0,1,1,1,1,1,0,1,1,1,1
71,0,2,3,2,1,3,5,0,0,1,0,1,1,4,1,0,1,0,0,0,1,1,1,1,1,1,0,1,0,1,0,1,1,0,221,88,87,20,1,1,0,0,1,1,1,1,1,0,0,1,1,0,1,1,1,1,1,1,1
66,1,2,1,1,2,4,3,0,0,1,1,0,0,4,1,1,1,0,1,0,1,1,0,1,0,1,0,1,0,0,0,0,1,1,177,88,63,17,1,1,0,1,1,0,0,0,1,0,1,0,1,1,1,1,1,0,1,1,1
60,1,4,1,1,1,11,4,1,0,1,1,1,1,6,1,0,1,1,1,0,0,1,1,1,1,1,0,1,1,0,0,1,0,0,130,89,65,19,1,0,1,0,1,1,1,0,0,1,1,1,1,1,1,1,1,1,1,1,1
41,1,2,3,3,2,2,3,0,0,1,0,1,1,3,1,1,1,0,1,1,0,1,1,1,1,0,0,1,1,1,0,0,1,0,181,96,64,18,1,0,0,1,1,0,0,1,1,1,1,0,1,1,1,1,1,1,0,1,1
44,0,4,3,5,1,5,4,1,0,0,0,1,1,4,1,1,0,1,1,1,1,1,1,0,1,0,0,0,0,0,1,0,1,0,148,98,58,16,1,1,1,1,1,0,0,0,1,1,1,1,1,1,1,1,1,1,1,1,1
76,1,2,3,5,2,1,1,1,1,1,0,1,1,4,1,1,1,1,0,1,1,1,1,0,1,1,0,1,0,1,0,0,0,0,147,99,57,19,1,0,0,1,0,0,1,1,1,0,1,1,1,1,1,1,1,1,0,1,1
55,1,1,1,1,3,3,5,1,1,1,1,1,1,1,0,1,1,0,1,0,1,1,0,1,1,1,1,1,1,0,0,0,0,1,165,86,74,18,0,0,1,0,0,1,1,0,0,0,0,1,1,1,1,1,1,1,1,1,1
40,1,3,1,1,2,3,2,0,1,1,0,1,0,3,0,1,1,1,0,0,1,1,0,1,1,0,0,1,0,1,0,0,0,0,160,97,73,18,1,1,1,0,1,1,1,1,0,1,1,1,1,0,1,1,0,1,1,0,1
71,0,2,2,8,1,5,3,0,0,1,0,1,1,5,1,0,1,0,0,0,1,1,1,0,0,1,0,1,0,1,1,1,1,1,216,86,58,16,1,1,1,1,0,0,1,1,1,0,1,1,1,1,1,1,1,1,1,0,1
50,1,3,1,2,1,4,4,0,1,1,1,1,1,4,1,1,0,0,0,0,0,1,1,0,0,1,1,1,1,0,0,1,0,1,170,94,90,19,1,1,0,0,1,1,1,1,1,0,1,1,1,1,1,1,1,0,1,1,1
76,1,2,4,4,2,2,2,0,1,1,0,1,1,3,1,1,1,0,0,0,1,1,0,0,1,1,0,1,0,1,1,0,1,1,225,90,87,20,1,0,1,1,1,0,1,0,1,1,1,1,1,1,0,1,1,1,1,1,1
47,0,1,4,3,1,8,5,0,0,1,0,1,1,4,1,0,1,0,0,0,1,1,1,0,1,1,0,0,1,1,1,1,1,1,136,81,58,17,1,0,0,0,0,0,1,1,1,0,1,1,0,1,1,1,1,1,1,1,1
68,1,3,3,1,1,6,2,1,1,1,1,1,1,4,1,1,1,1,1,1,1,1,1,1,1,1,0,1,1,1,1,0,1,0,194,99,76,20,1,1,1,1,1,1,1,1,1,1,1,1,1,0,1,1,1,1,1,1,1
76,1,3,4,3,2,7,4,0,1,1,0,1,1,1,1,1,1,0,1,1,1,1,1,0,1,0,0,1,0,1,0,1,1,1,220,86,79,16,0,0,0,1,0,1,1,0,1,1,1,1,1,1,1,1,1,1,1,1,1
56,1,1,1,1,1,4,3,0,1,1,1,1,0,6,1,1,0,1,1,0,0,1,1,1,0,1,1,1,1,0,0,0,1,0,197,83,83,20,1,0,1,1,1,1,1,1,0,1,1,1,1,0,1,1,1,1,1,1,1
41,1,2,4,2,1,11,2,1,1,1,1,1,1,5,0,1,1,0,1,0,1,0,0,0,1,0,0,0,1,0,1,0,1,1,156,93,69,19,1,0,0,1,1,1,0,1,1,1,0,1,1,1,1,1,1,1,1,1,1
66,1,1,4,4,1,8,1,0,1,1,0,1,0,3,0,1,1,1,0,1,1,1,1,1,1,1,1,0,0,0,1,0,1,0,165,88,88,20,1,0,1,1,0,0,1,1,1,0,1,1,1,0,1,1,1,1,1,1,1
50,0,2,4,2,2,1,4,1,1,1,1,1,1,4,1,1,1,1,0,0,1,0,0,1,1,1,1,1,1,0,0,1,0,1,130,85,63,19,1,1,1,1,0,1,1,1,1,0,1,1,0,0,1,1,1,1,1,1,1
49,0,4,3,1,2,9,3,1,0,1,0,1,0,5,1,0,0,1,1,0,1,1,0,1,1,0,0,0,1,0,0,1,1,1,133,80,80,16,1,0,0,1,1,0,1,1,1,1,1,1,1,1,1,1,1,1,0,1,1
72,0,5,1,3,2,6,1,1,0,1,1,1,1,3,1,1,1,0,0,1,1,1,1,1,0,1,0,0,1,1,0,0,0,1,189,80,73,16,1,1,1,0,0,1,1,1,1,1,1,1,1,0,1,1,0,1,1,0,1
55,1,4,3,7,2,9,2,0,0,1,1,1,1,3,1,1,1,1,0,0,0,1,1,0,1,0,1,1,0,1,0,0,0,0,153,85,85,18,1,0,0,1,0,0,1,1,1,1,1,1,0,1,1,1,1,1,1,0,1
53,1,4,3,4,2,3,2,0,1,1,1,1,1,6,1,1,1,0,0,0,1,0,1,0,1,0,0,0,0,1,1,1,1,0,174,86,81,19,1,1,1,1,0,0,1,1,1,1,1,1,1,1,1,0,1,1,1,1,1
56,1,3,3,1,1,3,3,1,1,1,1,1,1,3,1,0,0,1,0,0,1,1,0,1,0,1,0,0,1,1,1,1,1,0,130,89,69,16,0,0,0,1,0,1,1,1,1,1,1,0,1,1,1,1,1,1,1,1,1
47,1,4,4,3,1,9,2,0,1,1,1,1,1,3,1,0,1,0,0,1,0,1,1,0,1,1,1,0,0,0,0,1,1,1,238,94,70,18,1,1,0,1,0,1,1,1,1,1,1,1,1,1,1,1,0,1,1,1,1
76,1,4,4,2,1,3,5,1,1,1,0,1,1,3,0,1,1,1,0,0,1,0,1,1,1,0,0,1,1,0,1,0,0,1,144,90,78,18,1,0,0,1,0,1,1,0,1,1,1,1,1,1,1,1,1,1,0,1,1
59,1,2,3,8,1,9,2,1,1,1,0,1,1,4,1,0,1,1,0,1,1,1,0,1,0,1,0,1,0,0,1,0,1,0,142,91,73,17,1,1,0,1,1,0,1,0,1,0,1,1,1,1,0,1,0,1,1,1,1
46,1,2,4,8,1,9,2,1,0,1,1,1,0,1,1,0,1,1,0,0,1,1,0,1,1,0,1,1,1,1,1,1,1,0,186,86,67,17,1,0,0,1,1,1,1,1,1,1,1,1,1,1,1,0,1,1,1,1,1
58,1,1,6,7,1,1,4,1,1,1,0,1,0,6,1,0,1,1,0,0,1,0,0,1,1,0,0,0,1,1,0,0,1,0,174,89,82,16,1,1,1,1,1,1,1,1,1,1,1,1,1,1,1,1,1,0,1,1,1
52,1,1,2,1,2,3,5,0,0,1,0,1,0,5,1,1,1,1,0,0,1,1,1,1,1,1,0,1,1,1,0,1,1,1,165,87,88,19,0,1,1,1,1,1,1,1,1,1,1,1,1,1,1,1,1,0,1,1,1
57,1,3,4,4,2,1,2,1,0,1,0,0,1,6,1,0,1,0,1,1,1,1,1,1,1,1,0,1,0,0,0,0,1,1,232,95,71,19,1,1,1,0,0,0,0,1,1,1,1,1,1,0,1,1,1,0,1,1,1
65,0,6,4,3,2,3,3,0,1,1,1,1,1,3,1,1,0,1,1,0,1,1,1,0,1,1,0,0,1,0,0,1,1,1,152,99,86,19,1,0,0,1,1,0,1,1,1,1,1,1,1,0,1,1,1,1,1,1,1
41,1,1,3,6,1,6,3,1,1,1,1,1,1,4,1,0,1,0,0,0,0,1,0,1,0,0,1,0,1,0,1,0,1,0,168,80,59,18,1,0,0,1,1,0,1,1,1,1,1,1,1,1,1,1,1,1,1,1,1
73,1,2,4,8,2,7,1,1,0,1,1,0,0,2,1,1,1,0,1,0,1,1,1,1,0,1,1,1,1,0,0,0,1,0,193,96,61,18,1,1,0,1,0,0,1,0,1,1,1,1,1,1,0,1,1,1,1,0,1
54,1,3,3,3,1,6,2,1,1,1,1,1,1,6,0,0,1,1,0,1,1,1,1,1,0,1,1,1,0,1,1,1,1,0,180,97,82,19,1,1,0,1,1,0,1,1,1,1,1,1,1,1,1,0,1,1,1,1,1
70,1,2,2,8,2,7,4,0,1,1,1,1,1,5,1,0,1,1,0,0,1,1,1,1,1,0,1,1,1,0,0,0,1,0,196,91,76,17,0,0,1,0,0,0,1,1,1,1,1,1,1,1,1,1,0,1,1,1,1
69,1,1,3,4,1,2,3,0,1,1,0,1,0,6,1,1,1,1,0,1,0,1,1,0,1,1,0,1,0,0,1,0,0,1,190,85,68,18,1,0,1,1,0,0,1,1,1,0,1,1,1,1,1,1,1,1,1,1,1
67,0,2,6,1,2,6,2,0,1,1,0,1,1,3,1,1,1,0,0,0,1,1,1,0,1,1,1,1,0,1,1,0,1,1,180,99,89,18,1,1,1,1,1,1,1,1,1,0,1,0,1,1,1,1,1,0,0,0,1
40,0,4,4,3,3,1,4,0,1,1,0,1,0,2,0,1,0,0,0,0,1,1,1,1,1,1,1,0,0,0,0,1,0,1,188,97,90,19,0,1,1,1,0,0,1,1,1,1,1,1,1,1,1,1,0,1,1,1,1
57,1,2,4,4,2,10,4,1,1,1,0,1,1,2,1,1,1,1,0,0,1,1,1,1,0,1,0,1,1,1,1,1,0,0,221,91,64,19,1,1,0,1,0,1,0,0,1,1,1,1,1,1,1,1,1,1,1,1,1
58,1,1,3,1,1,2,4,1,1,1,1,1,1,2,1,1,1,0,0,1,0,1,0,1,1,0,1,1,0,0,1,1,1,1,235,91,83,19,1,0,1,1,0,1,0,0,1,1,1,1,1,0,0,1,1,1,1,1,1
54,1,3,1,5,1,7,5,1,1,1,0,1,1,3,1,1,1,1,1,1,0,1,0,1,1,1,1,1,0,0,1,1,0,0,238,88,63,19,1,0,1,1,1,0,1,1,0,1,1,1,1,0,1,1,1,1,1,1,1
61,0,4,2,2,1,2,2,0,1,1,1,1,1,4,1,1,1,1,0,0,1,1,0,0,0,0,0,1,1,0,0,1,1,1,139,98,69,18,0,1,1,0,1,1,0,0,0,1,1,1,1,1,1,1,0,1,0,1,1
42,1,3,1,4,1,6,4,1,0,1,1,1,1,3,1,1,1,1,1,1,1,1,1,1,1,1,0,1,0,1,0,0,0,0,229,89,77,16,1,0,0,1,1,1,1,0,1,0,1,1,1,1,1,1,0,1,1,1,1
61,1,1,3,1,1,10,1,1,0,1,0,1,1,5,1,0,1,1,1,0,1,1,0,1,1,1,1,1,0,1,0,1,0,1,199,95,65,19,1,0,1,0,1,0,1,1,1,1,1,1,0,1,0,1,1,1,1,1,1
64,1,1,5,6,1,5,1,1,1,1,1,1,1,2,1,1,1,1,0,0,0,1,1,1,0,1,0,1,1,1,0,0,0,1,202,85,75,19,1,0,1,0,1,1,1,0,1,1,0,1,1,1,1,1,0,1,0,0,1
61,0,4,4,1,1,3,3,1,1,1,1,1,1,4,1,0,1,0,1,0,1,1,0,1,1,1,0,1,0,0,1,1,1,0,137,84,72,17,1,1,1,1,1,0,1,0,1,1,1,1,1,1,1,0,1,0,1,0,1
54,1,3,4,2,2,1,4,0,1,1,0,1,1,2,1,1,1,1,0,0,0,1,1,1,0,0,0,1,0,0,0,0,0,1,168,80,68,17,0,0,1,1,1,1,1,1,1,1,1,1,1,1,1,1,1,1,1,0,1
75,1,1,1,2,3,11,3,1,1,1,0,1,1,3,1,0,0,0,0,1,1,1,1,1,0,1,0,1,1,1,0,0,1,1,179,80,60,16,1,1,1,1,0,1,1,1,0,0,1,1,1,0,0,1,1,0,1,1,1
67,1,4,3,7,2,5,3,1,1,1,1,1,1,5,1,0,1,0,1,1,1,1,1,1,1,0,0,1,1,0,0,0,1,0,195,96,84,20,1,0,1,1,1,1,1,1,1,1,1,1,1,1,1,1,0,0,1,0,1
63,1,2,2,1,3,5,2,1,1,1,0,1,1,2,1,0,1,0,1,0,1,1,0,1,1,1,1,1,0,0,1,0,1,1,206,96,83,18,1,1,1,1,0,0,1,0,0,0,1,1,1,0,1,1,1,1,1,1,1
77,1,2,1,7,1,1,5,0,1,1,1,1,1,2,1,1,0,1,0,1,1,1,1,1,1,0,1,1,0,1,0,0,0,1,143,92,57,18,0,1,0,0,0,1,1,1,1,1,1,1,1,0,1,1,1,0,1,1,1
65,1,1,1,2,3,1,2,1,0,1,0,1,1,3,1,1,1,1,1,0,0,1,0,1,0,1,0,0,1,0,0,1,1,0,177,93,67,16,1,0,1,0,1,0,1,1,1,0,1,1,1,1,1,1,1,1,1,1,1
48,1,3,3,1,2,1,3,1,1,1,0,1,0,4,0,1,0,1,0,0,1,1,1,1,1,1,0,0,0,0,0,0,1,1,196,96,81,16,1,1,1,1,1,1,1,1,1,1,1,1,1,1,1,1,1,1,1,0,1
73,1,3,5,5,2,4,3,1,1,1,0,1,1,3,1,1,0,1,1,0,1,1,1,1,1,1,0,0,0,1,1,0,1,1,205,92,62,20,1,1,0,1,1,0,1,1,1,0,1,0,1,1,0,1,0,1,1,1,1
76,1,6,1,7,3,1,3,0,0,0,0,1,0,6,1,1,1,0,0,1,1,1,1,1,1,1,0,0,1,0,1,1,0,0,172,98,81,20,1,1,1,1,0,0,1,0,1,0,0,0,0,1,1,1,1,0,1,1,1
77,1,2,6,3,1,7,4,1,0,1,0,1,0,3,1,1,1,0,1,0,1,1,0,1,0,0,1,1,1,1,0,0,1,1,233,90,74,16,1,1,0,1,0,0,1,1,1,1,0,1,1,1,1,1,1,1,1,1,1
71,1,1,4,8,1,8,3,1,0,0,0,1,0,5,1,0,0,1,1,1,0,0,1,0,1,0,0,1,1,0,1,0,0,1,204,87,74,19,0,1,0,0,1,1,1,0,1,0,1,1,0,1,1,1,0,1,1,0,1
52,1,3,3,1,1,5,4,0,1,1,1,1,1,2,1,1,1,0,0,0,1,1,1,1,1,0,0,1,0,1,0,1,1,1,230,96,78,19,1,0,1,0,0,1,1,1,1,1,1,0,1,1,1,0,1,1,1,1,1
43,1,3,6,6,1,1,1,1,1,1,0,1,1,3,1,1,1,1,0,0,0,1,1,1,1,0,0,1,1,0,0,1,1,1,150,95,57,17,1,1,1,0,0,1,1,1,1,1,1,1,0,1,0,1,0,1,0,1,1
51,1,3,1,8,1,1,4,0,1,1,1,1,0,2,1,0,1,0,0,1,0,1,0,1,0,1,0,1,0,1,0,1,1,1,197,100,61,20,1,1,1,1,1,0,1,1,1,0,1,1,1,0,1,1,1,1,1,0,1
79,0,1,4,4,1,2,5,1,0,1,0,1,0,5,1,0,0,0,0,1,0,1,1,1,0,1,0,1,0,0,1,0,1,1,223,90,70,19,1,0,1,0,0,1,1,1,1,1,1,1,1,1,1,1,1,1,1,1,1
68,1,3,2,7,1,8,4,0,0,1,1,0,1,6,1,0,0,1,0,1,1,0,1,1,1,1,0,1,1,1,1,1,0,0,238,88,67,20,0,1,0,1,1,1,1,0,1,1,1,1,1,0,1,1,0,1,1,1,1
40,1,3,1,2,3,4,3,1,1,1,0,1,0,2,0,0,1,0,1,0,0,1,1,1,0,1,1,1,0,1,1,0,1,1,198,96,63,20,1,1,1,0,1,1,1,1,1,1,1,0,1,1,1,1,1,1,0,1,1
65,0,2,2,4,2,3,3,0,1,1,0,1,1,2,1,1,1,1,0,0,1,1,0,0,1,1,0,1,0,1,0,1,1,1,215,98,81,20,1,0,1,0,0,1,1,1,0,1,1,1,1,1,1,1,1,1,0,1,1
68,0,2,6,4,2,3,2,1,1,1,1,0,1,1,1,1,1,0,0,1,1,1,0,1,1,1,0,1,1,1,0,0,0,0,194,83,59,18,1,1,0,1,1,0,1,0,1,1,1,1,1,1,1,1,1,1,1,1,1
67,1,3,2,6,2,3,2,1,0,1,0,0,0,2,0,1,0,0,1,1,1,1,1,1,1,1,0,0,0,1,1,0,0,1,172,96,82,19,1,0,1,0,1,1,1,1,1,1,1,1,1,1,1,1,1,1,1,1,1
52,0,4,3,7,1,9,5,0,1,1,1,0,1,6,1,1,1,0,1,0,0,1,1,1,1,1,0,0,0,0,1,0,1,0,196,83,73,17,1,0,1,1,1,1,1,1,1,1,1,1,1,1,1,1,1,1,1,1,1
57,1,3,2,1,1,1,4,1,1,1,0,1,1,3,1,0,1,0,0,0,1,1,0,1,1,0,1,1,1,1,0,0,1,1,141,85,65,19,1,0,1,1,1,1,1,0,1,1,1,1,0,1,1,1,1,1,1,1,1
75,0,6,1,1,2,1,1,0,1,1,0,1,1,3,0,1,0,0,0,0,1,1,1,1,1,0,0,1,1,0,1,0,1,0,135,94,70,17,1,0,1,1,0,0,1,1,0,1,1,1,1,0,1,1,1,1,1,1,1
68,0,5,2,5,2,15,5,1,0,1,1,1,1,3,1,0,1,0,1,1,1,1,0,1,1,1,1,0,0,0,1,0,0,0,160,82,73,22,1,0,1,0,1,1,0,0,1,1,1,1,1,1,1,0,0,1,0,1,1
75,1,1,2,5,2,19,2,0,1,1,0,0,0,4,1,1,0,0,1,0,0,1,1,1,1,1,0,0,0,1,0,1,0,1,202,90,82,23,1,0,1,1,0,0,1,1,0,1,1,1,1,1,1,1,1,1,1,1,1
63,1,2,1,6,1,19,2,0,0,1,0,0,0,4,1,1,1,0,1,0,0,1,1,0,1,1,0,1,0,1,0,0,1,1,196,90,77,24,1,1,0,0,0,1,0,1,1,0,1,1,1,1,1,1,1,1,1,0,1
54,0,1,8,5,1,14,2,0,1,1,1,0,0,4,1,0,1,0,1,0,0,0,1,1,1,1,0,1,1,1,0,1,1,1,160,88,67,22,1,0,0,0,1,0,1,1,1,1,1,1,1,1,1,1,1,1,1,1,1
71,0,1,2,7,1,1,2,1,1,0,0,1,1,3,1,1,0,0,1,0,0,1,1,0,0,0,0,1,1,1,1,1,1,0,153,77,73,20,1,1,0,1,1,1,0,1,1,1,1,1,1,0,1,1,1,0,1,0,1
64,1,7,5,8,2,20,2,1,0,0,0,1,1,2,1,1,1,1,1,1,1,1,1,0,1,0,0,1,0,1,1,0,1,0,199,97,76,22,1,1,1,0,0,0,1,1,0,1,1,1,1,1,1,1,1,1,0,1,1
69,1,8,4,5,1,11,5,0,1,1,0,0,1,5,0,0,1,1,0,0,1,1,1,1,0,1,1,1,1,1,0,1,1,0,206,76,69,22,1,1,0,1,1,0,1,1,0,1,1,1,0,0,1,1,1,1,1,1,1
74,0,3,1,8,2,9,4,1,0,1,0,1,1,3,1,0,1,0,1,0,1,1,1,1,1,0,1,1,0,1,1,0,1,0,161,90,83,21,0,1,0,1,1,1,1,0,1,1,1,0,1,1,1,1,1,0,1,0,1
61,1,3,8,5,3,18,3,1,1,0,1,1,0,4,1,0,1,0,1,0,1,1,1,1,1,1,0,1,1,1,0,1,1,1,146,96,89,18,1,1,1,1,1,0,0,0,0,1,1,0,1,0,1,0,0,0,0,1,1
67,0,2,5,4,1,2,2,0,0,1,1,0,0,2,1,1,1,0,1,0,1,1,0,0,1,1,1,1,1,1,0,0,0,0,186,78,77,20,0,0,1,1,1,0,1,1,1,0,1,1,0,1,1,1,1,0,1,1,1
52,1,1,2,7,1,9,1,0,0,1,0,1,1,3,0,0,1,0,1,1,0,1,0,1,0,1,0,1,0,1,0,0,1,1,194,93,79,16,1,1,1,1,1,0,0,0,1,1,1,0,1,1,1,0,1,1,1,1,1
57,0,4,2,6,1,1,5,0,1,1,0,1,1,6,1,0,1,0,0,0,1,1,1,1,0,1,0,1,0,1,0,0,1,1,200,90,85,20,0,1,0,1,0,1,1,1,0,1,1,0,1,0,1,0,1,1,1,1,1
65,0,2,7,8,2,11,5,0,1,1,0,1,0,2,1,0,1,0,1,1,1,1,1,0,1,1,0,0,1,1,0,1,1,0,199,92,66,23,1,0,0,1,0,1,1,1,1,1,1,0,1,1,1,1,1,0,1,1,1
56,1,1,1,8,1,3,2,0,0,1,1,1,1,4,1,1,1,0,1,1,1,1,1,0,0,1,0,1,0,1,0,1,0,1,190,103,73,21,1,1,1,1,1,0,1,1,1,1,1,1,0,1,1,1,1,1,1,1,1
75,0,4,2,6,1,15,2,0,1,1,0,0,1,4,1,1,1,0,1,0,0,0,1,1,1,1,0,1,0,1,1,1,0,1,150,97,88,22,1,1,0,0,0,1,0,1,0,1,1,1,1,0,1,1,1,1,0,1,1
62,0,2,2,1,3,20,4,1,1,1,0,1,0,4,1,0,0,0,1,1,1,0,1,1,1,0,1,1,0,1,0,0,1,1,175,88,80,23,1,0,1,1,1,0,0,1,0,1,0,0,1,0,1,0,1,0,0,0,1
58,1,1,4,4,2,11,1,0,1,1,0,1,1,5,1,0,1,0,0,0,1,1,0,1,1,0,1,0,0,0,0,1,1,0,207,75,72,22,0,1,0,1,0,1,1,1,1,1,0,1,1,1,1,1,1,1,0,0,1
59,1,2,4,3,1,14,4,0,1,1,0,1,1,2,1,0,1,0,1,1,1,0,1,1,1,1,0,1,1,1,0,0,1,1,148,93,70,16,1,1,0,0,0,0,1,1,0,1,1,1,1,0,1,0,0,1,1,1,1
64,1,5,7,6,3,18,5,0,0,1,0,1,1,3,1,1,1,1,1,1,1,0,1,1,1,1,0,1,0,1,0,0,1,1,135,82,90,17,1,0,1,0,1,0,1,0,1,1,1,0,1,1,1,1,0,0,1,1,1
65,0,7,4,3,1,10,2,0,0,1,0,0,1,6,1,0,1,0,0,0,1,1,0,1,1,1,1,1,1,0,0,0,1,0,158,85,89,22,1,1,0,1,1,0,0,1,1,1,1,1,1,1,1,1,1,0,0,1,1
51,0,4,1,4,2,18,3,0,0,1,1,0,0,3,1,1,1,0,1,1,1,1,0,1,1,1,0,1,1,0,1,0,0,1,144,75,70,20,1,1,1,1,1,0,0,1,1,1,0,1,1,1,1,1,0,1,1,0,1
55,1,2,1,2,1,1,4,1,1,1,0,1,1,4,1,0,1,0,1,0,1,1,1,0,1,0,1,1,1,1,0,0,1,0,180,95,87,17,1,0,0,1,1,0,1,0,1,0,0,0,1,0,1,1,1,1,0,1,1
52,0,2,3,7,3,2,4,0,1,1,1,1,1,1,1,1,1,0,0,0,1,1,0,1,1,1,0,0,1,0,0,0,0,1,182,81,69,16,1,0,1,1,1,0,1,0,1,1,1,1,1,1,1,0,0,0,0,1,1
71,0,1,2,7,3,19,4,0,0,1,1,1,0,1,1,1,1,0,1,0,1,1,1,1,0,1,1,1,0,1,0,0,1,0,209,90,74,21,1,0,1,0,0,1,0,1,0,0,1,1,1,0,1,1,0,1,1,1,1
57,1,3,2,7,1,19,6,0,1,1,0,0,0,2,0,1,0,0,1,0,1,1,0,1,0,1,0,1,0,1,0,0,1,0,180,90,72,18,1,1,1,1,1,0,1,0,0,0,1,1,1,1,1,1,1,0,0,0,1
47,1,3,2,5,1,19,2,1,1,1,1,1,0,4,1,1,1,0,1,0,1,1,1,1,0,0,0,1,1,1,1,0,1,0,174,85,73,20,1,0,1,0,0,0,1,1,0,1,1,0,0,0,1,0,1,1,1,0,1
65,1,2,2,6,1,18,2,0,0,1,1,1,1,3,1,1,1,1,1,0,1,1,1,1,1,1,1,1,0,0,0,0,0,1,199,105,85,16,1,0,1,0,1,1,0,1,0,0,0,1,1,0,1,1,0,1,1,0,1
51,1,8,4,6,1,17,4,0,0,1,0,1,0,4,1,1,1,0,0,0,1,1,1,0,0,1,1,1,1,1,0,0,0,1,140,82,75,20,0,0,1,0,1,1,1,1,0,1,1,1,1,1,1,1,1,1,0,0,1
65,1,1,2,6,1,13,3,0,0,1,0,0,1,3,1,0,1,0,0,0,0,1,1,0,0,0,0,1,0,1,0,0,1,0,149,84,92,18,1,0,0,0,0,0,1,0,1,1,1,1,1,0,1,1,1,0,1,1,1
64,1,3,1,8,1,6,4,0,1,1,0,1,1,6,1,0,1,0,1,1,1,1,1,1,1,0,0,1,0,1,1,1,1,0,165,94,74,16,1,0,0,1,1,0,1,1,1,1,1,0,1,1,1,1,1,1,0,1,1
42,0,1,2,2,2,11,2,0,1,1,0,0,1,3,1,0,0,0,1,0,1,1,1,1,1,1,0,0,1,1,0,0,1,1,206,105,79,24,1,1,0,1,1,1,0,0,1,0,1,0,1,1,1,1,1,1,1,0,1
46,1,3,4,8,2,8,3,0,1,1,0,1,1,5,1,0,0,1,1,0,1,1,1,0,1,1,0,1,0,0,0,1,1,1,175,76,72,24,0,0,0,0,1,0,1,0,1,1,1,1,1,1,1,1,1,1,1,0,1
72,1,7,3,6,1,1,1,0,0,1,0,1,0,2,1,0,1,0,1,1,1,0,0,0,1,1,0,1,0,1,1,0,0,1,187,96,69,24,0,1,0,0,1,1,1,1,1,0,0,0,1,1,1,0,1,1,1,0,1
58,0,2,3,4,1,15,3,0,1,1,1,0,1,3,1,0,1,0,1,0,1,1,1,1,1,1,0,0,1,0,0,0,1,0,176,102,85,20,1,0,1,0,1,0,1,0,1,0,1,0,1,1,1,0,1,1,0,1,1
59,1,3,2,6,1,1,2,1,1,1,0,1,0,2,1,0,1,0,1,1,1,1,1,0,0,1,0,1,0,1,1,0,1,0,181,83,85,18,1,0,0,1,1,1,0,0,0,1,0,1,1,1,0,1,0,0,1,0,1
68,0,2,2,2,3,2,5,0,0,1,0,0,1,1,1,1,1,0,0,1,1,1,1,1,0,0,0,0,1,1,0,0,1,1,153,77,66,20,1,0,1,0,1,0,1,1,1,1,1,1,1,1,1,1,1,1,1,1,1
45,1,1,4,7,2,13,5,0,1,1,0,1,1,3,1,1,1,1,1,0,1,1,0,1,1,1,1,1,1,1,1,0,1,1,189,91,78,20,1,0,1,1,0,0,1,1,1,0,1,1,1,1,1,1,0,1,0,0,1
57,1,6,8,8,2,13,4,1,1,1,0,0,1,3,1,1,1,0,0,1,1,1,1,1,1,0,0,1,0,1,1,0,1,1,208,98,71,23,0,0,1,1,0,1,1,1,1,1,1,1,1,1,1,1,0,0,1,0,1
54,1,4,8,6,3,19,2,0,1,1,0,1,0,3,0,0,0,0,1,0,0,1,1,1,1,1,0,1,0,1,0,1,1,1,144,77,81,24,1,1,1,1,1,1,1,1,1,1,1,0,1,1,1,1,1,0,1,1,1
71,1,3,8,5,1,14,1,1,0,1,0,1,1,6,1,0,1,0,1,0,1,1,1,0,1,1,0,1,1,0,1,1,1,0,199,101,81,16,0,0,1,0,1,0,1,0,1,1,1,1,1,1,1,1,0,1,0,1,1
43,1,7,1,7,1,6,6,0,1,1,0,1,1,2,1,0,1,1,0,0,0,1,1,1,0,1,1,0,1,1,1,1,0,1,150,97,88,17,1,1,1,0,1,1,1,1,0,1,0,1,1,0,1,0,1,1,1,0,1
45,0,1,4,2,1,16,2,0,0,1,0,0,0,2,1,0,1,0,0,0,1,0,1,0,1,1,0,1,1,0,0,0,0,1,158,80,82,22,1,1,1,1,1,1,1,0,1,0,1,1,1,1,1,1,1,1,1,1,1
56,0,2,8,8,2,8,3,1,1,1,1,1,1,4,1,0,1,1,0,0,1,1,0,1,1,0,0,1,1,1,0,0,0,0,137,87,79,19,1,1,1,0,1,1,0,1,1,1,1,1,1,1,1,1,0,1,1,1,1
75,1,7,2,3,3,19,3,0,1,1,0,0,0,2,1,0,1,0,0,0,0,0,1,0,1,1,0,1,0,0,0,1,0,1,179,99,66,18,0,1,0,1,1,1,1,0,0,0,1,1,1,1,1,1,1,0,1,0,1
44,1,4,4,5,1,19,2,0,1,1,0,0,0,6,1,1,1,0,0,1,0,0,1,0,1,0,0,1,1,1,0,1,0,1,208,80,92,23,1,0,0,1,0,1,0,0,1,1,1,0,1,1,1,0,1,1,1,0,1
53,0,6,2,2,1,11,2,0,0,0,0,1,1,4,1,0,1,0,1,0,1,0,1,0,0,1,0,0,1,1,1,0,1,0,152,80,93,18,1,0,0,1,1,1,1,1,0,1,1,1,0,1,1,0,1,0,1,1,1
54,1,1,1,7,1,2,3,0,1,1,0,0,1,3,1,1,1,0,1,1,1,1,0,0,1,1,0,1,0,1,1,0,1,0,200,98,92,16,1,0,0,0,1,1,1,1,1,1,1,0,1,1,1,0,1,1,1,0,1
62,1,3,2,8,1,11,6,0,0,0,0,0,1,3,1,0,1,0,0,0,0,1,1,1,1,0,0,1,0,1,1,1,0,0,187,84,80,19,1,0,1,1,1,1,1,1,1,0,1,1,0,1,1,0,1,0,1,1,1
53,1,3,4,6,1,1,3,0,1,1,0,1,0,5,1,1,1,0,1,0,1,0,0,1,0,0,0,1,0,0,1,0,0,1,179,96,91,16,1,1,0,1,0,0,1,1,1,1,1,1,1,0,1,1,1,1,1,0,1
69,1,3,4,8,1,9,4,0,1,1,0,0,1,3,1,0,1,0,1,1,1,1,1,0,0,1,0,1,0,0,0,0,1,0,188,99,83,24,1,0,1,1,0,1,1,0,1,1,1,0,0,1,1,1,1,0,1,1,1
62,0,2,8,3,1,1,1,0,1,1,1,0,1,4,1,0,1,1,1,0,0,1,1,1,0,1,1,1,0,0,1,1,1,0,150,75,69,18,0,1,0,0,1,1,1,1,1,1,1,1,1,1,1,1,1,0,1,1,1
58,0,1,4,8,1,7,3,0,1,1,1,1,1,5,1,0,1,0,1,0,1,1,1,1,1,1,1,0,0,0,0,0,1,0,162,75,87,19,0,0,1,1,1,1,1,1,0,1,1,1,1,1,1,1,0,0,1,1,1
44,0,2,8,8,3,20,4,0,1,1,1,1,0,3,1,1,1,1,0,0,1,1,1,1,1,0,0,1,0,0,1,0,0,0,199,97,79,17,1,0,1,1,1,1,0,0,0,1,1,1,1,1,1,1,1,0,1,1,1
70,1,3,4,7,2,15,3,1,1,0,0,1,1,3,0,0,1,0,0,1,1,1,1,1,1,1,0,1,1,1,1,0,1,0,178,94,74,21,0,1,1,1,0,1,1,0,0,1,1,1,0,1,1,1,1,1,1,0,1
67,1,1,2,7,1,7,3,0,1,1,1,0,0,4,1,1,1,0,1,1,1,0,0,0,1,0,0,0,1,1,0,0,1,0,160,85,66,21,1,0,0,0,0,0,1,0,1,1,1,1,1,0,0,1,1,0,1,0,1
47,1,3,2,3,3,16,6,1,1,1,0,1,1,2,1,0,1,0,1,0,0,1,1,1,1,1,0,1,1,1,1,0,1,1,177,104,82,16,1,1,0,0,1,0,0,0,1,1,1,0,0,1,1,0,1,1,0,0,1
72,0,3,3,8,1,15,3,1,1,1,0,0,0,1,1,1,1,0,1,1,1,1,1,1,1,1,0,1,1,1,1,1,1,1,144,80,81,24,1,1,1,1,0,1,0,1,0,1,1,1,1,1,1,1,1,1,0,1,1
75,0,3,2,5,2,1,6,0,0,1,0,0,1,3,0,1,1,0,1,0,0,1,1,0,0,1,0,1,0,0,0,0,1,0,159,82,70,24,1,1,0,1,1,1,1,1,0,0,1,1,1,0,1,1,1,1,1,0,1
60,1,8,8,2,1,17,5,0,1,1,1,1,0,4,1,0,1,0,0,1,1,1,1,1,1,0,0,1,1,1,0,1,1,0,189,83,76,24,1,1,0,1,1,0,0,1,1,1,1,1,1,0,1,1,1,0,1,1,1
61,1,2,3,7,2,5,4,0,1,0,0,0,1,4,1,1,1,0,1,0,0,1,0,1,1,1,1,1,1,1,0,0,1,1,164,89,66,18,1,0,1,0,0,1,1,1,0,1,1,0,1,0,1,1,1,0,1,1,1
69,1,1,3,3,1,19,3,0,1,1,0,1,1,2,1,0,1,1,1,0,1,1,1,1,1,1,1,1,1,1,1,0,1,1,190,76,81,20,1,0,0,1,0,0,0,1,0,1,0,0,1,0,1,1,0,1,1,0,1
72,1,3,6,2,2,7,2,0,0,1,0,0,1,2,1,1,1,0,0,0,1,1,1,1,0,1,1,1,0,0,1,0,0,1,190,89,69,19,0,1,1,0,1,0,0,1,0,1,0,1,1,1,1,1,1,1,0,0,1
75,1,2,1,7,2,3,4,0,1,0,1,1,1,2,0,1,1,0,1,1,1,1,0,1,1,1,0,1,0,1,0,0,1,0,149,88,92,20,0,1,0,1,1,0,1,1,1,1,1,1,1,0,1,0,1,0,1,0,1
58,1,6,3,8,1,18,4,0,1,0,0,1,0,2,1,1,1,1,1,0,0,1,0,1,0,1,0,1,1,0,0,0,1,0,178,104,78,18,0,1,1,0,1,0,1,1,1,1,1,1,1,1,1,1,1,1,1,1,1
62,0,1,4,4,1,6,5,1,0,1,0,1,1,5,0,0,1,0,1,1,0,1,1,1,1,1,0,0,0,1,0,0,0,0,170,81,82,19,1,0,0,1,0,0,1,1,1,1,1,1,1,0,1,1,1,1,0,0,1
49,0,3,8,4,1,15,3,0,1,0,0,1,1,5,1,1,1,0,0,0,0,1,1,1,1,0,1,1,1,1,0,0,1,1,196,102,80,23,0,0,1,0,1,1,1,1,0,1,1,1,1,0,1,1,1,1,1,1,1
51,1,4,3,4,1,1,3,0,0,0,1,1,1,2,0,0,0,0,1,0,0,1,1,1,0,1,1,1,1,1,1,0,1,1,136,81,93,16,1,1,1,0,1,1,1,0,1,1,0,1,1,1,1,1,1,1,1,1,1
66,1,3,4,7,1,3,4,0,1,1,0,1,1,6,1,1,1,0,1,0,1,1,0,0,0,1,0,1,1,1,0,1,1,1,138,88,69,24,0,1,0,1,1,1,1,0,1,1,1,1,1,1,1,1,1,0,1,0,1
56,1,5,2,6,3,5,5,0,1,1,0,1,0,3,1,0,1,1,1,1,0,1,0,0,1,1,1,1,0,1,0,0,1,0,194,85,69,19,1,1,0,1,1,1,0,0,1,1,1,1,1,1,1,1,1,1,1,1,1
50,1,5,1,4,3,5,3,1,1,0,0,1,0,3,1,0,1,0,1,0,1,1,0,1,1,0,0,1,1,1,1,1,0,1,169,98,67,18,1,1,0,0,0,1,1,1,1,1,0,0,1,1,1,1,1,1,0,1,1
69,0,7,4,7,3,18,5,1,1,1,0,0,0,2,1,0,0,0,1,0,1,0,1,1,1,1,0,1,0,1,0,0,1,1,199,82,86,19,1,1,1,1,1,0,0,0,0,0,1,1,1,1,1,0,1,0,1,1,1
54,0,8,5,3,1,5,2,0,0,1,1,1,1,4,0,1,1,1,0,0,1,1,1,1,1,1,1,1,0,0,0,0,0,0,148,77,78,16,1,0,0,0,1,1,1,1,1,1,0,1,1,1,1,1,1,1,1,1,1
55,1,2,6,7,2,9,3,0,1,0,1,1,1,3,1,0,1,0,0,0,1,1,0,0,0,1,0,1,0,1,0,0,1,0,164,87,79,17,1,0,0,1,1,1,1,1,0,1,1,1,0,1,1,1,0,0,1,1,1
67,1,2,6,3,1,7,3,1,0,0,0,1,0,2,0,1,1,0,1,1,0,1,1,1,0,0,0,1,1,1,0,0,1,0,197,80,70,17,0,0,0,1,1,1,1,0,0,1,0,1,1,0,1,0,1,0,1,1,1
75,1,3,3,8,3,18,1,0,1,0,0,1,0,2,1,1,1,0,1,0,1,1,1,1,1,0,1,1,1,0,1,0,1,1,148,87,76,16,1,1,0,1,0,0,0,1,1,0,0,1,1,0,1,1,1,1,1,0,1
44,0,3,2,7,1,2,5,0,1,1,0,1,1,2,1,0,1,1,1,1,1,1,0,1,1,1,1,1,0,1,0,0,1,1,200,80,93,20,1,1,1,0,1,0,1,1,0,0,1,0,0,1,1,1,1,1,1,1,1
61,1,1,3,6,1,15,3,0,1,1,1,0,1,5,1,0,1,1,0,1,1,0,1,1,1,1,0,0,0,1,0,0,1,1,187,79,76,23,0,1,1,0,0,1,1,0,1,0,1,0,1,1,1,1,1,1,1,0,1
63,0,3,2,1,1,17,4,0,1,0,0,0,1,2,0,1,1,0,0,0,1,1,1,1,1,1,0,1,0,1,0,1,1,0,197,104,83,19,1,1,0,0,1,1,1,1,1,0,1,1,1,1,1,1,0,1,1,0,1
45,1,4,2,8,2,15,2,0,1,1,0,1,1,2,0,1,1,0,0,0,1,1,1,1,1,0,0,0,1,1,1,0,1,1,190,77,74,17,0,1,1,1,0,1,1,1,0,1,1,1,1,1,1,1,0,1,1,1,1
47,1,3,4,4,1,19,5,1,1,1,0,1,1,4,1,0,1,0,0,1,1,0,1,1,0,1,1,1,0,1,1,1,1,1,143,99,80,19,1,0,0,0,1,0,0,0,1,1,1,0,1,1,1,1,1,1,1,1,1
74,1,2,7,2,1,16,2,0,0,1,0,1,1,5,1,0,1,0,1,0,0,1,1,1,1,0,1,1,1,0,0,0,0,0,178,79,76,19,0,1,0,0,1,1,1,1,1,1,1,1,1,1,1,0,1,1,0,1,1
70,1,6,4,7,1,2,3,0,1,1,0,1,0,4,0,1,0,1,1,1,1,1,1,1,1,1,0,0,0,1,1,1,1,1,183,80,81,17,0,1,1,0,1,1,0,0,0,1,1,0,1,1,0,1,1,0,1,1,1
45,0,3,3,1,1,18,2,1,0,1,0,1,1,4,1,1,0,0,1,0,1,1,1,1,1,1,0,1,1,0,0,1,1,0,207,90,86,20,1,1,0,0,1,0,1,1,1,1,0,0,1,0,0,1,0,0,1,1,1
72,0,1,2,1,1,1,2,0,1,1,1,0,0,2,1,0,0,0,1,0,1,1,0,1,1,1,0,1,1,1,0,0,1,1,170,92,85,20,0,1,0,1,1,1,0,1,1,1,1,0,1,1,1,0,1,1,1,1,1
56,1,3,6,2,1,17,2,0,0,1,0,1,0,2,1,1,1,0,1,1,1,1,1,0,0,1,1,1,0,0,1,1,1,0,197,100,91,23,1,1,0,0,1,0,1,0,0,1,1,1,1,1,1,1,1,1,0,1,1
46,1,4,1,6,1,14,5,0,1,1,0,1,1,5,1,1,1,0,1,0,1,1,0,1,1,1,1,1,1,0,0,1,1,1,161,84,75,19,0,0,1,1,0,1,1,1,0,1,1,1,1,0,1,0,1,1,0,1,1
69,1,4,1,3,2,1,2,1,1,1,0,1,0,2,1,0,1,0,0,0,0,1,1,1,0,1,1,0,1,0,0,0,1,1,207,101,74,24,1,1,1,1,0,0,1,0,0,0,1,0,1,1,1,1,1,0,1,1,1
68,0,3,8,2,2,10,3,0,1,1,0,1,1,4,1,0,1,0,1,0,0,1,1,0,1,0,0,0,0,1,0,0,1,1,161,102,82,16,0,1,1,1,0,0,1,1,1,0,0,0,1,1,1,0,1,0,1,1,1
65,1,1,1,4,1,6,2,0,0,1,0,0,1,4,1,0,1,0,1,0,1,1,1,1,1,1,1,0,1,0,0,0,0,1,183,80,89,17,0,0,0,1,1,0,1,0,0,1,1,1,1,1,1,0,0,1,1,1,1
56,0,2,4,4,3,1,2,0,1,0,0,0,1,1,0,1,1,1,1,0,0,1,0,1,0,1,0,1,0,1,1,0,1,1,168,77,81,16,1,0,1,1,1,0,1,1,1,1,0,1,1,1,1,0,1,0,1,0,1
60,1,1,7,8,1,6,2,1,0,0,0,1,1,4,1,0,0,0,0,0,0,1,1,1,1,1,0,0,0,0,0,0,1,1,166,77,69,18,1,1,0,1,0,1,1,0,1,1,1,1,1,1,1,1,1,1,1,0,1
61,1,2,2,7,1,1,2,0,0,1,0,0,0,5,1,0,1,0,0,1,1,0,1,1,0,0,0,1,0,1,0,0,1,1,176,84,74,20,1,0,1,1,0,1,0,1,1,1,1,0,1,1,1,1,1,1,1,1,1
42,1,4,1,7,3,18,4,0,0,0,1,1,1,2,1,1,1,1,0,0,0,1,1,1,0,1,0,1,1,0,0,0,0,1,157,85,82,23,1,1,1,0,1,1,1,0,1,0,1,0,1,1,1,0,0,1,1,0,1
65,1,2,5,3,3,10,4,1,0,1,1,0,0,2,0,1,1,1,0,0,1,1,1,1,0,0,0,1,1,1,0,0,1,0,205,103,66,23,0,0,1,1,0,1,1,1,1,1,1,1,1,1,1,1,1,0,1,1,1
67,1,2,1,3,1,14,2,0,0,1,0,1,0,2,1,0,1,0,0,1,1,1,1,1,1,0,1,1,1,0,1,0,1,1,174,94,75,17,1,1,0,1,1,0,1,1,1,1,1,1,1,0,1,1,1,1,1,1,1
71,1,4,8,2,1,6,1,1,0,1,0,0,1,3,1,1,0,1,1,0,0,1,1,0,1,1,0,1,1,1,1,0,1,0,174,77,86,23,0,1,1,1,1,1,1,1,1,1,1,1,1,1,1,1,0,0,1,1,1
42,0,3,8,4,1,15,2,0,1,1,0,0,1,5,1,1,0,0,1,1,0,1,1,1,1,1,1,1,0,1,1,0,0,1,191,98,71,17,1,0,1,1,1,1,1,1,1,1,1,1,1,1,1,1,0,0,1,1,1
63,1,6,1,8,3,19,2,1,0,1,1,1,0,2,1,1,1,0,1,0,1,1,1,0,1,1,0,1,0,1,1,1,1,1,208,105,87,22,1,0,1,0,1,1,0,1,1,1,1,1,1,1,1,0,0,1,0,1,1
56,0,1,2,8,1,1,1,0,0,1,1,1,1,4,1,1,1,0,0,0,1,1,1,1,1,1,0,1,1,1,0,1,1,0,191,79,71,16,1,0,1,1,0,1,0,1,1,0,1,1,1,1,0,1,1,1,0,1,1